 5.490224362556038074e+00 3.143166112021178460e-02 7.789577560841016748e+03 5.218562429148961201e+03 6.113000898283768265e+02 4.970627957113360473e+00 1.115775368187758722e+05 2.692752722364065630e+04 1.926909591172025830e+04 5.053925361030457680e+03 1.841467401156860433e+04 4.316895202578310091e+03 1.902375703625281312e+04 2.425314703812483276e+04 1.647248895822929455e+02 1.867132287580619376e+01 1.641174527721672121e+02 4.023644868228228297e+06 2.823028294562339317e+06 6.362038020536677152e+01
 5.294158706195815967e+00 3.629562955548784609e-02 7.210257429827143824e+03 4.808430830629600678e+03 5.359011528012273402e+02 5.126418990761048455e+00 8.640514810365649464e+04 2.462443409378778233e+04 1.667832956941153680e+04 5.929885782445385303e+03 1.651665036947659610e+04 5.156404927807995591e+03 1.640810492551565039e+04 2.425395317738714948e+04 1.646198684118640188e+02 1.814969773845608358e+01 1.640703822174114066e+02 4.776147937016181648e+06 3.364681993385820650e+06 6.358944020127323427e+01
 6.052421640918172585e+00 4.293262040219935488e-02 8.599093643009147854e+03 5.979133574122061873e+03 6.297809133486175597e+02 5.214545099165802000e+00 1.070859261485637835e+05 3.207542945297059123e+04 1.410374834557862232e+04 5.910363508335041843e+03 1.605085881808495105e+04 5.830751336334746156e+03 1.937875435450111036e+04 2.425925177721098953e+04 1.640095524126111854e+02 1.806011238829139387e+01 1.634800661701939362e+02 5.468257745541116223e+06 3.856310896266171243e+06 6.346105218271309667e+01
 5.814211282214921894e+00 3.746914035378750424e-02 7.738537362291817772e+03 5.405902219054933994e+03 6.149966159019126053e+02 5.749000337149895223e+00 1.181191804294653703e+05 3.462244551782343478e+04 2.138456787334154069e+04 5.986697398511612846e+03 2.019494616527366088e+04 5.267218074197159694e+03 1.807129672120482064e+04 2.426684784615075114e+04 1.644201439227107073e+02 1.831899611143528617e+01 1.638902067212420945e+02 4.909982621118009090e+06 3.477126180014830548e+06 6.362672500483112970e+01
 4.875173660241645557e+00 2.456173717455412478e-02 7.366923328426665648e+03 5.025180887288152007e+03 5.731562848188830230e+02 4.706024560984181093e+00 9.399338225743705698e+04 2.354083590522506711e+04 1.529320634230232281e+04 5.607124085965424456e+03 1.863137186526202640e+04 5.000660769002273810e+03 1.660552672861722385e+04 2.480248211275384529e+04 1.647249724063526344e+02 1.807170831610176620e+01 1.640930239440007483e+02 4.616484474121582694e+06 3.246350120020340197e+06 6.396367705513731750e+01
 5.166376545389550046e+00 3.638196852900802553e-02 8.701720215242208724e+03 6.071338207396675898e+03 6.047162739244215572e+02 5.178853631225584842e+00 1.183887896005502262e+05 4.110258630560011807e+04 2.003668114313448314e+04 6.164620037961300113e+03 2.498254132092356667e+04 5.020174844871713503e+03 1.914540534155664864e+04 2.605019333176089640e+04 1.647102730738332639e+02 1.824466660886795566e+01 1.640008617152649890e+02 4.659008143879178911e+06 3.293892388450281229e+06 6.385650527485557149e+01
 6.618773359008660151e+00 2.752197635731374464e-02 8.826170121659315555e+03 6.075908778071985580e+03 6.399802785325072136e+02 5.686037225301639353e+00 1.087470118659726431e+05 4.140989433045751503e+04 1.978046155944612838e+04 6.130505058388528596e+03 2.293578236428651871e+04 5.128913940815120441e+03 1.952354906419654435e+04 2.577221486235377233e+04 1.647985141538746063e+02 1.833517581339571123e+01 1.643379467472494184e+02 4.756202825331528671e+06 3.410389596883399412e+06 6.325760276782415303e+01
 6.805028011970041035e+00 2.776262134611828455e-02 6.290901371290182396e+03 4.185477655603374842e+03 6.173211122408105211e+02 4.968562420016830572e+00 1.068575721559980593e+05 3.161941873672883594e+04 1.767111303844782378e+04 5.047725334948742784e+03 1.642777702814965232e+04 4.075683898133532239e+03 1.755432902352104429e+04 2.436342983834764891e+04 1.647671667933526010e+02 1.796777711977568970e+01 1.642232013207173225e+02 3.746281564225099515e+06 2.670362619575115852e+06 6.329169082483587516e+01
 7.642456623770876867e+00 3.782129688054153976e-02 8.250579663210475701e+03 5.710157642820983710e+03 6.754419621860289453e+02 6.012348253092405059e+00 1.120293354472237406e+05 3.976735680474708352e+04 2.238959104008347276e+04 5.421944849445798354e+03 2.230338535732431046e+04 4.321677954597482312e+03 2.200950137969894058e+04 2.546667703089564020e+04 1.647864967201643935e+02 1.850413869874725137e+01 1.641203982181100685e+02 4.025160992549967486e+06 2.913500967631504405e+06 6.324056207223417658e+01
 7.375707481526926124e+00 3.884332808313856883e-02 9.095243250948698915e+03 6.255656962111112080e+03 7.268225171042500961e+02 6.143839249840209682e+00 1.228719003926575097e+05 5.365824703630336444e+04 2.111193700617130889e+04 6.698233931564803243e+03 2.183917682370396869e+04 5.869447687087748818e+03 1.958461348316340809e+04 2.526093820099409277e+04 1.647142096524972317e+02 1.820517703514499530e+01 1.641720017749549356e+02 5.398568663857821375e+06 3.810344196416840889e+06 6.311263794502905711e+01
 8.150096303790943963e+00 3.413188001378249931e-02 8.905262598369581610e+03 6.187116805257503984e+03 6.888871492164994379e+02 5.664594108278853568e+00 1.199385949647877715e+05 3.981813347963791603e+04 1.890508376977742591e+04 5.782177710417891831e+03 2.128223559458305681e+04 5.065359271800208262e+03 2.071064844987150354e+04 2.548398413314678692e+04 1.647761088914208756e+02 1.853822133114262982e+01 1.641350966198518790e+02 4.692086023371059448e+06 3.346540780442931689e+06 6.298999209311054415e+01
 7.097457834728894355e+00 2.699032253252504204e-02 7.538775010187146108e+03 5.233008624679529021e+03 6.699365508181659834e+02 5.156471976054834094e+00 1.135738149998587614e+05 3.083456712263765803e+04 1.581036441018085497e+04 5.484361935655208072e+03 2.031640487735337592e+04 4.683292158918445239e+03 1.980704495807378407e+04 2.533995704463639777e+04 1.647649484486034055e+02 1.811410719408420533e+01 1.642856501511867293e+02 4.366225708144409582e+06 3.130820349966974463e+06 6.361069084670509710e+01
 6.098704360136422586e+00 2.744894910017641257e-02 9.080409804324148354e+03 6.196061657477354856e+03 6.452070604306209134e+02 5.767922082503134540e+00 1.053388501112692902e+05 6.955406707146820554e+04 2.015522451111422561e+04 5.816656428621554369e+03 2.007365130287145075e+04 4.467452451021970774e+03 2.017034879027092393e+04 2.511507407153818713e+04 1.649705720989005044e+02 1.823485141711470092e+01 1.642190732742693626e+02 4.108750645860880148e+06 2.948257414910477120e+06 6.194978930599966560e+01
 7.493481942985617650e+00 2.845476781524820115e-02 7.842589218749015345e+03 5.425055311542580057e+03 6.315112972839675649e+02 5.798188490759033087e+00 9.530799819064217445e+04 3.753611129293414706e+04 1.794062614753069283e+04 5.847833288848166376e+03 1.872589532695990420e+04 4.912363010465453044e+03 1.930655840560650540e+04 2.473175947997736512e+04 1.648512359476378890e+02 1.826925600975569353e+01 1.641966303136413501e+02 4.584850764123732224e+06 3.299301304439643398e+06 6.233213607449042826e+01
 8.035621285696604943e+00 4.270055837142983091e-02 9.407775412614333618e+03 6.452217475731560626e+03 7.064383712990221511e+02 5.944625083000948607e+00 1.300259774091565778e+05 3.667310967820041697e+04 1.720037925055458982e+04 6.497298170416801440e+03 1.727834997463432592e+04 5.682193410521280384e+03 1.946264205527892045e+04 2.498083903444453244e+04 1.646489103888451666e+02 1.799264966500332008e+01 1.640387218711352375e+02 5.256028748047527857e+06 3.753547888881874271e+06 6.250616036352192140e+01
 8.497996241473956047e+00 3.371104330236006363e-02 7.904306283607731530e+03 5.531086475924244041e+03 7.143221169940444497e+02 6.410830285701255349e+00 1.384161224271906831e+05 4.290111179240007914e+04 2.260474577618991316e+04 6.801259504613023637e+03 2.166330864372552242e+04 5.680628960342769460e+03 1.973798456082774283e+04 2.507056483232609753e+04 1.648308894149334094e+02 1.838184963513742787e+01 1.642516827591176991e+02 5.266160468196277507e+06 3.769391095574894454e+06 6.225294188807667695e+01
 6.502225263392735322e+00 2.724437633974189504e-02 8.534281075174976650e+03 5.887933214520744514e+03 6.185754150067477894e+02 5.361911597752142100e+00 1.029210340786978340e+05 4.087670218111394206e+04 1.623409788513287276e+04 6.128193801077918579e+03 2.019895612722351507e+04 5.363626718719808196e+03 1.785718910214743664e+04 2.526471934270218480e+04 1.648782016007025675e+02 1.808654106508884496e+01 1.641232940532740940e+02 4.955621179773380049e+06 3.548252769248762168e+06 6.229485762621076361e+01
 7.412993244088164069e+00 4.180161741290123328e-02 1.043671294260732247e+04 7.023110044210387059e+03 6.970391678213760542e+02 6.053700679739588253e+00 1.441181419799937285e+05 6.020407028520494350e+04 2.187435634671109074e+04 7.049536309014627477e+03 2.658182411416017567e+04 5.520513849106110683e+03 2.115645902269329599e+04 2.645712378650369283e+04 1.648434112984451190e+02 1.827123650170177882e+01 1.641970678723735944e+02 5.043274909874334000e+06 3.540247766090905759e+06 6.227235612995833947e+01
 8.944948426494990557e+00 3.978440424165682887e-02 9.776764285889252278e+03 6.748925166495160738e+03 7.580553173495047758e+02 6.315469528764829477e+00 1.138086551789955556e+05 5.304138627837043168e+04 2.152104916244602646e+04 6.920431771226223645e+03 2.456207732161305103e+04 5.813727459029852980e+03 2.068749960966367871e+04 2.669368767550549455e+04 1.648037066310274952e+02 1.823583438375699473e+01 1.642386433819995659e+02 5.394886311146345921e+06 3.850718952443405055e+06 6.175211609992637563e+01
 5.682128986710170970e+00 2.765364055464545473e-02 7.845324210775836036e+03 5.441385471885813786e+03 5.504231291666778816e+02 5.757562263680747527e+00 1.007228196529601119e+05 4.237724454767085990e+04 1.921585023009708311e+04 5.628133822486368445e+03 1.858855075778116952e+04 4.503143165189708270e+03 1.801473162569242777e+04 2.536617356254713377e+04 1.648360532724756808e+02 1.776483552583538739e+01 1.641986331206486227e+02 4.184307380660982803e+06 2.972841197569506243e+06 6.163284291618372635e+01
 6.989201635521293809e+00 3.624147175951308864e-02 9.645418437769816592e+03 6.693085349329732708e+03 5.776350288729618114e+02 6.743181645194892937e+00 1.096915972726434993e+05 4.819026757805392117e+04 2.431465181173862948e+04 5.959922490099954302e+03 2.377575693886884619e+04 4.957867730313390894e+03 1.916710170126584853e+04 2.600559839787098463e+04 1.648207899611336416e+02 1.820674756805645700e+01 1.641406356114843561e+02 4.587516145050190389e+06 3.353920973285495769e+06 6.160615452092467592e+01
 6.684779202792358710e+00 3.327773661818323597e-02 1.029630656981761604e+04 7.099101987756156632e+03 6.064318190882408999e+02 6.918381994609887009e+00 1.191519713797401346e+05 5.175397335369993380e+04 2.244059972478191048e+04 7.168555901657710820e+03 2.466738180067384019e+04 6.097176505561754311e+03 2.065779283877157650e+04 2.602053867496907696e+04 1.648696791396855872e+02 1.790372335739752785e+01 1.642002079989732692e+02 5.607260648005916737e+06 4.014415293130514678e+06 6.160531853532312851e+01
 6.541325342326881120e+00 3.599206299996234731e-02 1.029039052121165878e+04 7.165636799310127572e+03 5.564912119073894701e+02 6.346821342439317171e+00 1.098221745125702728e+05 4.885470599985354784e+04 2.051630842213519645e+04 6.414593968119281271e+03 2.440003789579699514e+04 5.637367153553527714e+03 1.981063101849171289e+04 2.680996344787067210e+04 1.648097106819901398e+02 1.825156112109986850e+01 1.640227352599835058e+02 5.209716431287499145e+06 3.765409209829201456e+06 6.134867709663097202e+01
 7.618739465496349617e+00 2.806760907241994535e-02 9.148030883156601703e+03 6.315421438515605587e+03 6.337103387830969723e+02 5.951431869074665926e+00 1.022855668952226260e+05 3.899477743814019777e+04 1.711445174119086369e+04 5.820574672147839919e+03 2.136518681032131281e+04 5.132613618075508384e+03 2.023267934510199120e+04 2.601343513606969282e+04 1.647792405706242960e+02 1.807689438921416780e+01 1.641373370568444443e+02 4.752923100663353689e+06 3.423142369255104568e+06 6.202667827265888434e+01
 4.659406682908901587e+00 3.302624483517388465e-02 1.053462285202686326e+04 7.187862671389700154e+03 5.648486072888816807e+02 6.560496994580964802e+00 1.096372707322992937e+05 6.967258338800013007e+04 2.263785513753149644e+04 7.241909039918014059e+03 2.208215929472743665e+04 5.529266603938457592e+03 2.073211505503748049e+04 2.626253665278165499e+04 1.648610198967420217e+02 1.826422653590322653e+01 1.641514559724902256e+02 5.139310626966569573e+06 3.689892601832471788e+06 6.065922525217868611e+01
 5.316501762892339222e+00 3.127266104796657537e-02 9.490901488928393519e+03 6.580942701445788771e+03 5.178473275053300995e+02 6.554098235162653552e+00 9.246210852187770070e+04 4.609485696091326099e+04 1.959849431151288445e+04 6.632627900306635638e+03 1.998117471985777229e+04 5.618177782498592933e+03 1.841621048673489349e+04 2.531156226018861344e+04 1.647986291981260081e+02 1.801792810581544302e+01 1.641646112632464565e+02 5.224622736354410648e+06 3.772622494005011860e+06 6.091414715794304868e+01
 7.487291022991071188e+00 4.981074989339961262e-02 1.073328148660389888e+04 7.410913961898712842e+03 6.443908776875093736e+02 6.680374583697799018e+00 1.147659096312579495e+05 5.426549442456848192e+04 1.867109848727008284e+04 6.886878598246757065e+03 1.984494714125430983e+04 6.070521020438908636e+03 1.937502757200045744e+04 2.562760153155971420e+04 1.646956978721306939e+02 1.789254739682972328e+01 1.640011261628155808e+02 5.653782284747951664e+06 4.106756088271105662e+06 6.127229767038292607e+01
 6.491714307305056053e+00 4.347971526910231199e-02 9.326332850369088192e+03 6.547404310911848370e+03 5.468326499741706357e+02 6.954358392319533344e+00 1.337889034115546092e+05 5.058277898240037030e+04 2.378907260438737285e+04 6.596650083168837227e+03 2.306747315134224118e+04 5.461174827729631033e+03 1.966419988719336834e+04 2.559189614633591555e+04 1.647979077659268796e+02 1.814540816419621905e+01 1.640591575578480104e+02 5.059165003652717918e+06 3.703647617094454356e+06 6.096842673912358634e+01
 5.117624048829524597e+00 3.272075061108438432e-02 1.043277450234081334e+04 7.191912696871647313e+03 5.505292385881939481e+02 6.183360119899984575e+00 1.012847921922818641e+05 4.541019485384911968e+04 1.887554238069864368e+04 6.612549403987199184e+03 2.246385853362057605e+04 5.792829551486804121e+03 1.750697918951987231e+04 2.596880023444422477e+04 1.648008880331647390e+02 1.802338530633921110e+01 1.640867940532343425e+02 5.309555045825351961e+06 3.830099433201948646e+06 6.099906544183518520e+01
 5.297665535783552926e+00 4.295509025525791336e-02 1.132126666388992635e+04 7.774672707033359075e+03 5.881589983591171631e+02 6.941975938288955206e+00 1.463425603005498124e+05 7.710595146520445996e+04 2.382255838100537949e+04 7.722478929346751102e+03 2.904805425494634255e+04 6.156642958415661269e+03 2.099430921287923775e+04 2.729421683222830688e+04 1.649089203800597829e+02 1.809150770920971141e+01 1.640463326667010335e+02 5.615327676855844446e+06 3.984755222133688163e+06 6.096840137339516730e+01
 7.212525343430383984e+00 4.922629503744598706e-02 1.202755897775940502e+04 8.392184813814790687e+03 5.806450188105261532e+02 6.960678225375533934e+00 1.121438646229167789e+05 5.803213237417978962e+04 2.358645491465172017e+04 7.655627681074147404e+03 2.698235385011757171e+04 6.286393253438588545e+03 2.013952409965621337e+04 2.712945359762862427e+04 1.647690288913440781e+02 1.808694551993600541e+01 1.641072173506609602e+02 5.726026956079316325e+06 4.152930837364999577e+06 6.059422469781777920e+01
 4.906086984178958055e+00 3.055497845248989278e-02 9.432788319394805512e+03 6.546372821265841594e+03 5.108099599248304798e+02 6.553221167888965581e+00 1.065654991264010459e+05 4.866641197161463060e+04 2.246975390017056998e+04 6.666247371531783756e+03 2.062224935095805995e+04 5.384174323088363053e+03 1.880051514840528762e+04 2.613445471433163402e+04 1.647803388441240315e+02 1.784900670255368027e+01 1.641423852271045973e+02 5.006176188723493367e+06 3.580602544837467372e+06 6.066762429744595408e+01
 5.615091567127299399e+00 4.034853142799157966e-02 1.057029753542835169e+04 7.257595043483564041e+03 5.005821341009307162e+02 7.487950913559497934e+00 1.141240714177661284e+05 5.729972042405696266e+04 2.606921883283576244e+04 6.921544901985239449e+03 2.545750303564209025e+04 5.793543726555393732e+03 2.038883290426145686e+04 2.755950028833112447e+04 1.647715364353567224e+02 1.830355877534041298e+01 1.640977093190818437e+02 5.316129237230040133e+06 3.876403803689990193e+06 6.056752909401541984e+01
 5.257844503816941462e+00 4.678202615111982238e-02 1.222493889363676317e+04 8.360863543805475274e+03 5.667562013907185019e+02 7.692169155548584492e+00 1.248031865447807650e+05 6.539012350998065085e+04 2.361782534565183960e+04 7.646820676941001693e+03 2.659122686371778400e+04 6.395566948204719665e+03 2.014920142519455840e+04 2.662733368679302657e+04 1.648659543656421249e+02 1.802575261494389736e+01 1.641359431338304091e+02 5.890424999385952950e+06 4.270258953195520677e+06 6.055094424766199523e+01
 5.783712194515651994e+00 4.133016492445662493e-02 1.135419987623024281e+04 7.889896248171241496e+03 5.239278913911595055e+02 6.983748583639807883e+00 1.183719479139342002e+05 5.640717681248817098e+04 2.335698064866730783e+04 6.829350504696573807e+03 2.754585273569980200e+04 6.025840414568385313e+03 2.016868857097725413e+04 2.781097946366180986e+04 1.648759823742344111e+02 1.836180603182334892e+01 1.639114561266291616e+02 5.519011711695904844e+06 3.979596978377117775e+06 6.030379650758658983e+01
 5.940032356263102997e+00 3.555286559821791564e-02 1.066799824851308222e+04 7.453510858878719773e+03 5.331826226715121493e+02 6.672049801559401416e+00 1.030708774093494721e+05 4.449824761252554163e+04 1.801350835573446238e+04 6.172471278962651013e+03 2.430348283003359757e+04 5.401929392171558902e+03 1.936616663737970157e+04 2.669812135490099172e+04 1.647982431843829829e+02 1.793408223302614957e+01 1.640822555819851516e+02 4.998133872094124556e+06 3.650757792202301789e+06 6.086023796469136471e+01
 4.150748299385690565e+00 3.960555688264831564e-02 1.254099120899040645e+04 8.528569663906322603e+03 5.526144009018273664e+02 7.346764851967146015e+00 1.167607756015726045e+05 6.322074730496566190e+04 2.440559099843022705e+04 7.641524585865852714e+03 2.356454136124679644e+04 6.113020701113711766e+03 2.284160151912863876e+04 2.660818131912677927e+04 1.647995984413305166e+02 1.840566753777953579e+01 1.641074093769228170e+02 5.545907123483184725e+06 4.016553223458384629e+06 5.983075167657611360e+01
 4.899313402509823057e+00 3.515318297464524455e-02 1.084214839101003236e+04 7.561661560825417837e+03 5.017662455726171515e+02 7.297483836125956635e+00 9.916140895796992118e+04 5.362629928523023409e+04 2.155366835573859862e+04 6.976387103103814297e+03 2.235899505297300129e+04 5.867062819975967614e+03 1.949223137475898329e+04 2.623023214556231687e+04 1.648218838040421872e+02 1.811791825905762110e+01 1.640799335178633669e+02 5.352703672447899356e+06 3.929241356961741578e+06 5.998404405166638043e+01
 6.293690399444000327e+00 5.793699505913313397e-02 1.178786002948395981e+04 8.150894847173119160e+03 5.447179983764984854e+02 7.400638400480991308e+00 1.120810198126648756e+05 6.758102386697757174e+04 1.922211433585748091e+04 7.639139719342539138e+03 2.211647487082957014e+04 6.931460135162607003e+03 1.878755207269134553e+04 2.653902319678063941e+04 1.646439703341895608e+02 1.790381980874086665e+01 1.639203952939871272e+02 6.438258437727906741e+06 4.662897300776702352e+06 6.031733581494470542e+01
 5.986062674953519291e+00 5.016804467476501661e-02 1.128974381001481197e+04 8.026378261350171670e+03 5.069453581526313997e+02 7.518706609249986350e+00 1.370992174901264661e+05 6.645032142757365364e+04 2.521070221862582548e+04 7.417262089355511307e+03 2.526454804404089009e+04 6.016876731633286909e+03 2.025044293568205467e+04 2.760727647931039974e+04 1.647901002295137971e+02 1.819188173485396831e+01 1.639628180386207816e+02 5.527830284555852413e+06 4.067391534302154090e+06 6.008440214725257533e+01
 4.762878405862466913e+00 4.016595695531586380e-02 1.201029032733269378e+04 8.370071666184860078e+03 5.360065355826791347e+02 6.949232256419279885e+00 1.055118093907478324e+05 4.996875858083055937e+04 2.050702145538848708e+04 6.945092134813700795e+03 2.558510752941738610e+04 5.910534090413214471e+03 1.813247322547758449e+04 2.721346665974276766e+04 1.647762330786782456e+02 1.815275889828755496e+01 1.639597466816849760e+02 5.493387298765746877e+06 4.005438336634436622e+06 6.011847592121012696e+01
 4.983224835173881040e+00 5.314844867143984214e-02 1.269539732273718619e+04 8.859738155082684898e+03 5.722470010251204258e+02 7.779079591172302521e+00 1.536691564346243977e+05 8.869493818090569403e+04 2.658858418160673318e+04 8.154352722322260888e+03 3.193447256007997203e+04 6.398368722167121632e+03 2.259001607295934446e+04 2.855013034576474456e+04 1.648185893726761151e+02 1.832432004527242597e+01 1.639387174396144644e+02 5.875334041482052766e+06 4.267807376061584800e+06 6.007032592589055753e+01
 6.200128663392497685e+00 5.108866826234886166e-02 1.351019079047369814e+04 9.405613318840178181e+03 5.371037909824417511e+02 7.514854688567771390e+00 1.196909090888643987e+05 6.675891776724385272e+04 2.587011236818070756e+04 8.345362070255023355e+03 2.987193587496144028e+04 6.672930801670559958e+03 2.122775928534957347e+04 2.778311919008137556e+04 1.647692820557859932e+02 1.819532087305818635e+01 1.639330294472691207e+02 6.093898239381142892e+06 4.437550174194729887e+06 5.977660742863677257e+01
 4.642905507612536731e+00 3.792520835517790290e-02 1.137364042931298900e+04 7.850347622958281136e+03 5.064640894575866810e+02 7.311519453727655993e+00 1.144560459409619070e+05 6.325577773777948460e+04 2.438408920607204709e+04 7.484686685887966632e+03 2.303842557073980061e+04 5.962908597704784370e+03 1.945634574770715699e+04 2.683476871999298965e+04 1.647877828457432940e+02 1.800926984206207848e+01 1.641495153703848473e+02 5.442723503119373694e+06 3.937118091345421970e+06 5.980704943206293223e+01
 5.044340270391579395e+00 4.760546363379593304e-02 1.243536094437944666e+04 8.661669810794488512e+03 4.813155659280720329e+02 8.186125242455359441e+00 1.199606106776243541e+05 6.535243141717374965e+04 2.686849012067535659e+04 7.419144523567691067e+03 2.653142754268954377e+04 6.358652973523953733e+03 2.075591992182553076e+04 2.868624015034627519e+04 1.647291180531213115e+02 1.833087583390604536e+01 1.640323712389338198e+02 5.796421506477127783e+06 4.267401848325457424e+06 5.973786480607234495e+01
 4.646719923330580926e+00 5.359135304441924735e-02 1.319777725353273308e+04 9.007851592264081773e+03 5.297977094408547600e+02 8.370389034910058257e+00 1.344386542339738517e+05 6.878211431898667070e+04 2.670165207177896809e+04 8.226198177468590075e+03 2.892172273006292016e+04 6.880471440212667403e+03 2.135497936005730298e+04 2.822410596448736032e+04 1.648107716855914191e+02 1.813718613569389149e+01 1.640737676386266060e+02 6.342810759371020831e+06 4.658651133127226494e+06 5.979392591378572774e+01
 5.525353486842902839e+00 4.660719659443954277e-02 1.256221058790038114e+04 8.796091507078463110e+03 5.116393793888248638e+02 7.714095647812728274e+00 1.223360254147554806e+05 6.432048748275905382e+04 2.500079850375759634e+04 7.381169124144274974e+03 2.959730561944191504e+04 6.325582722700321938e+03 2.213741151024210194e+04 2.924200360183300654e+04 1.647808181623645680e+02 1.846067060306322816e+01 1.637958646942177268e+02 5.790968357376619242e+06 4.255136940124551766e+06 5.956763604389986000e+01
 5.602733747945757514e+00 4.178641280559448890e-02 1.311749772039979871e+04 9.137928937959446557e+03 5.224407465474176888e+02 7.407000858270004429e+00 1.074279493862892996e+05 5.251527283701160923e+04 2.145362651642245328e+04 6.979494257776596896e+03 2.730219923757698052e+04 5.760806572763555778e+03 2.047452622777547003e+04 2.810357616786453946e+04 1.648509724364910767e+02 1.806627620848652072e+01 1.639681541597374803e+02 5.289941363603497855e+06 3.868095461584248114e+06 6.003567580038065188e+01
 4.014413060807695111e+00 4.507676433604825700e-02 1.398422369288447771e+04 9.524114415344598456e+03 5.434568663216349478e+02 8.157299654492845775e+00 1.235180203666442685e+05 7.055717623283500143e+04 2.660357058750713259e+04 8.043119641808228153e+03 2.560138722812046763e+04 6.647191642742592194e+03 2.512551806982376365e+04 2.740358684057886785e+04 1.647495646087355397e+02 1.860117618764793335e+01 1.640250714717511755e+02 6.012678627760046162e+06 4.399958031613397412e+06 5.913066781879130218e+01
 5.079094307913832651e+00 5.609371395554888645e-02 1.140904386816838996e+04 8.021745289674646301e+03 4.740020918453481613e+02 8.006168360501629166e+00 1.024115034238534427e+05 5.467473079872204107e+04 2.250144281575043715e+04 7.327047967099778361e+03 2.410352530244630907e+04 6.095877016108220232e+03 2.141093856194171167e+04 2.706137911324967718e+04 1.648237094112827776e+02 1.835634179042246572e+01 1.638261681925182245e+02 5.578123564544286579e+06 4.133316151354277041e+06 5.926385663164003859e+01
 5.737900641347305708e+00 6.554531474950454906e-02 1.312172129405224769e+04 9.077328471371523847e+03 5.046769720250965179e+02 8.124401467249393605e+00 1.180126268004944723e+05 7.649011415347864386e+04 2.236065933074679924e+04 8.418416485473506327e+03 2.520082500796229579e+04 7.452166467162043773e+03 2.023737556770209267e+04 2.709785772332626220e+04 1.646694806112074616e+02 1.800306498786192222e+01 1.638309448195863354e+02 6.939896248248809949e+06 5.038446269920887426e+06 5.959822778687725275e+01
 5.482277874223933090e+00 5.727205030060438656e-02 1.348709413596002014e+04 9.534215396055566089e+03 4.991461306105506992e+02 8.104854489219448510e+00 1.400712993379707623e+05 6.806756377166687162e+04 2.872847893370589736e+04 8.000635210846869995e+03 2.745476294001804126e+04 6.519977551912349554e+03 2.137230730285806203e+04 2.851452688398691680e+04 1.647347624705951148e+02 1.840190543387781119e+01 1.638946587128465637e+02 5.997281665183032863e+06 4.456063130250975490e+06 5.943997817172675724e+01
 4.325198929642311896e+00 5.657319329707942435e-02 1.226190279798250958e+04 8.562276254898575644e+03 4.875362082363130867e+02 7.781319450322872200e+00 1.089617091046538844e+05 5.290157489188426553e+04 2.373954885343518981e+04 7.104449272299012591e+03 2.842066447412912385e+04 6.278891172836850274e+03 2.010488069907979298e+04 2.830558869055986725e+04 1.647521468982604631e+02 1.838832456421011230e+01 1.638132760830641814e+02 5.822018710259480402e+06 4.199379633533928543e+06 5.938806183693350960e+01
 4.886965309487786513e+00 6.271582033407269163e-02 1.438635448438387721e+04 1.006270564413274587e+04 5.826747291478205852e+02 8.654785123358973209e+00 1.601242629832958919e+05 8.945013162039684539e+04 2.908073788847978722e+04 8.788923020263478975e+03 3.411108488877380296e+04 6.560143603589021950e+03 2.398162993677504346e+04 2.982382691668928601e+04 1.648199665649108283e+02 1.860098258627616374e+01 1.637903000596654692e+02 6.063603838989684358e+06 4.478340461972505786e+06 5.941994200842522389e+01
 5.965409463968041948e+00 5.765046165403215489e-02 1.512428590501788676e+04 1.050431882096330082e+04 5.292549070582966806e+02 8.129982142629620157e+00 1.249375402042566420e+05 7.861843475626876170e+04 2.735354760615078703e+04 8.877078640494451975e+03 3.245939220621787172e+04 7.169403954295182302e+03 2.305341993896897475e+04 2.923006318055518204e+04 1.647374194926713926e+02 1.835268464886058482e+01 1.637983010770917645e+02 6.507844327977266163e+06 4.762500950911397114e+06 5.916441529925863563e+01
 4.582432408237670174e+00 4.653370830699132127e-02 1.332754870473634583e+04 9.155251473786123825e+03 5.221337023739368988e+02 8.006498904627934010e+00 1.218725645004626713e+05 7.403688021147323889e+04 2.614285995410011674e+04 8.034696257853746829e+03 2.600992636977754955e+04 6.351362973845491979e+03 2.057907513906921668e+04 2.789072921027678603e+04 1.648073215303635664e+02 1.818381874083763705e+01 1.641024335185052792e+02 5.849440160412957892e+06 4.263805899990718812e+06 5.916565001940706026e+01
 4.772565425754960344e+00 5.597621885135552894e-02 1.400416709361668836e+04 9.823905275747549240e+03 4.820378438289661744e+02 8.804339473296849405e+00 1.273232902753678209e+05 7.339724265549465781e+04 2.809561398846619704e+04 8.084888775157693090e+03 2.803930722991468429e+04 6.905078200409254350e+03 2.154052893872737695e+04 2.935076002479681483e+04 1.646922401938890914e+02 1.848775919579126992e+01 1.639484566457873029e+02 6.298964423651117831e+06 4.671690992192360573e+06 5.908228854840609046e+01
 4.403994581555244814e+00 5.974290143476524567e-02 1.435463110942470848e+04 9.866113857771320909e+03 5.201101362806797397e+02 9.043223953696019279e+00 1.393220473726597847e+05 7.827080546918044274e+04 2.881582282540727101e+04 8.963726615619181757e+03 2.992454452848510118e+04 7.565785582363379035e+03 2.271062772392873740e+04 2.878593882786061658e+04 1.647907665091811680e+02 1.827859659552660432e+01 1.639908289458993238e+02 6.995868867477633059e+06 5.105970680036518723e+06 5.919335733205933536e+01
 5.397051514022818353e+00 5.809525985030609962e-02 1.399873769354203796e+04 9.726642009475477607e+03 5.117512344577427825e+02 8.544908917070875631e+00 1.279775415613486402e+05 7.682091026535353740e+04 2.795981805483286371e+04 7.670340759728504054e+03 3.235708341268937511e+04 6.530958923777167001e+03 2.354062041182336179e+04 2.957900272482189393e+04 1.648024457586522544e+02 1.866005256702849380e+01 1.636800016485967149e+02 5.979961821758999489e+06 4.409811897614303045e+06 5.902303781227174539e+01
 5.381151556155526983e+00 5.596429273191479842e-02 1.442328588182123895e+04 1.010977246714351531e+04 4.858014615992506151e+02 8.138636067776213068e+00 1.061073761717341986e+05 5.720315933173777739e+04 2.364266279455692347e+04 7.454227631048423063e+03 2.953731914330681684e+04 6.177657093639680170e+03 2.089663387200062425e+04 2.871052923175989417e+04 1.647425075899843421e+02 1.830544761979473378e+01 1.637937752226360431e+02 5.644013496096355841e+06 4.176878561379118823e+06 5.938718414347845709e+01
 3.948596372871586269e+00 5.345142863954761153e-02 1.572756097998866426e+04 1.073581986465203227e+04 5.462658687280500089e+02 9.050069472462721976e+00 1.271122930423010548e+05 7.419561525054738740e+04 2.872969847449727968e+04 8.423026729540541055e+03 2.762598791853521834e+04 6.852078207636460320e+03 2.595146687246137299e+04 2.860440318356144053e+04 1.647011581366431869e+02 1.874290360907671982e+01 1.639099406682658753e+02 6.168539276524114423e+06 4.540807305538325571e+06 5.861882229220397278e+01
 4.992662542004717707e+00 6.093735646674853373e-02 1.248442422464218726e+04 8.822678612761186741e+03 4.652958054985435297e+02 8.658925944467220859e+00 1.082751896308253636e+05 6.155615715899900533e+04 2.388463443124637342e+04 7.780532540267505283e+03 2.648011493764767147e+04 6.260793817479316203e+03 2.220691273976379671e+04 2.796823548467340515e+04 1.648437071584910143e+02 1.848082361595124112e+01 1.637210820516412753e+02 5.736029849842204712e+06 4.282253026310276240e+06 5.868830675534322694e+01
 5.519063900345437368e+00 7.200537441682296202e-02 1.473768521344395594e+04 1.024924839238871209e+04 4.860108912315572525e+02 8.747403885225052633e+00 1.201841454789421987e+05 7.923480247642465110e+04 2.488892097908346477e+04 9.008979740030115863e+03 2.656862187684307355e+04 7.961739971322610472e+03 2.059353220059912201e+04 2.770820164809958442e+04 1.647608658875409446e+02 1.815817956209710005e+01 1.637516983821860208e+02 7.395770203385670669e+06 5.370270375041669235e+06 5.899810896540640925e+01
 5.273952704184985407e+00 6.239419987041813082e-02 1.540569965466994836e+04 1.085943882274633143e+04 5.032085510245914861e+02 8.690946694638823189e+00 1.417263606847382325e+05 7.799870400166766194e+04 3.178047191963806836e+04 8.762943321256343552e+03 2.902035993178194622e+04 7.087618303391624977e+03 2.256900173249903673e+04 2.889236889759689802e+04 1.647195604126869171e+02 1.858021051962011327e+01 1.637705230771533422e+02 6.481992888337131590e+06 4.820767535401146859e+06 5.888594511648579299e+01
 4.211035803196228500e+00 6.146711585668999250e-02 1.387000513083200167e+04 9.587535542777375667e+03 4.836701308353511308e+02 8.543719419525830361e+00 1.149334271007565840e+05 6.082494330849080870e+04 2.503138635673390672e+04 7.518142237270049009e+03 3.013461405219160224e+04 6.541737807589161093e+03 2.167722131414316391e+04 2.869827496031394185e+04 1.647497057975173504e+02 1.861611467759056282e+01 1.636836006010902622e+02 6.035169058935291134e+06 4.439174812777702697e+06 5.877766037977796998e+01
 4.856854956172383275e+00 7.033068275412832082e-02 1.622789136318718192e+04 1.138136036785117358e+04 5.638180259553308815e+02 9.406355211020331453e+00 1.613058161553860700e+05 1.021887263104421581e+05 3.052431358254205406e+04 9.584901900066932285e+03 3.629088936579469009e+04 7.133081270353873151e+03 2.476301229773733940e+04 3.049535051560355714e+04 1.648523846020386827e+02 1.874001700527033165e+01 1.637348535668068337e+02 6.539393093289246783e+06 4.839997580894207582e+06 5.893663064263412821e+01
 5.854362414864417552e+00 6.389157259761064911e-02 1.694696336465632703e+04 1.168764046230891108e+04 5.377763067588422246e+02 8.787053388612754645e+00 1.276022401863053819e+05 8.870070867617696058e+04 2.913375781168849426e+04 9.300285890647517590e+03 3.353146292541163712e+04 7.388609887332154358e+03 2.435685276132714716e+04 3.035288805943103216e+04 1.647335870475045283e+02 1.847023465207119486e+01 1.636585102520785711e+02 6.761038642488855869e+06 4.957838554685912095e+06 5.860006099797448087e+01
 4.548482649836373959e+00 5.392932500846010779e-02 1.530081657376205112e+04 1.043273653919778917e+04 5.436294828499745790e+02 8.719572346866391044e+00 1.297769170335365343e+05 8.361161799608945148e+04 2.871837352594560798e+04 8.579153019915182085e+03 2.891744706341350320e+04 6.667077435665043595e+03 2.219651350779364293e+04 2.874324617209687858e+04 1.647863504591065293e+02 1.838358847183916467e+01 1.640373977378336861e+02 6.060240181043054909e+06 4.468154804174326360e+06 5.874319258679077649e+01
 4.657020533549877328e+00 6.446736985106447937e-02 1.548876315896355300e+04 1.086976949123262420e+04 4.976735492846495390e+02 9.366933175123779876e+00 1.329493655683497200e+05 8.171424618342968461e+04 2.848928200632556036e+04 8.722616787102893795e+03 2.977319131728032153e+04 7.488284167674310083e+03 2.247669371005769062e+04 2.980104045716395558e+04 1.646906075482590097e+02 1.861736793384102384e+01 1.638723089567762088e+02 6.894603111705831252e+06 5.090913536048028618e+06 5.857598323747362201e+01
 4.241768870146279902e+00 6.599821612934496373e-02 1.605298273183969832e+04 1.101892560440594934e+04 5.363704620080749237e+02 9.814581372853211860e+00 1.449602465848201246e+05 8.368680855346751923e+04 3.061430410452975411e+04 9.859006972408380534e+03 3.134592084641117253e+04 8.319511982802154307e+03 2.436266665829670092e+04 2.936039730557653093e+04 1.647993811571597007e+02 1.839327493529196644e+01 1.639005008030634087e+02 7.674815528361975215e+06 5.559807087854522280e+06 5.870805457545896644e+01
 5.236179222645823472e+00 6.743279880356432832e-02 1.560843427853671528e+04 1.083849935294159877e+04 5.152171637106703201e+02 9.500127650381926969e+00 1.342263651204500638e+05 8.707949091624814901e+04 3.030417465994242593e+04 8.276568869725510012e+03 3.465922773029949894e+04 7.049721663186301157e+03 2.511658897932384571e+04 2.986281512206134721e+04 1.647938064346055285e+02 1.876145846437327336e+01 1.635879908545488206e+02 6.457533975928888656e+06 4.785941603864731267e+06 5.857777586711304707e+01
 5.100951966587556008e+00 5.866714916243260386e-02 1.614890980815948933e+04 1.140528817998946215e+04 5.204421503879384545e+02 9.010248861179107394e+00 1.131773180833946535e+05 6.547911986053965666e+04 2.588520415622359724e+04 7.858461001613108238e+03 3.138380139370552570e+04 6.439543239163187536e+03 2.199915280655929746e+04 2.954240513548249510e+04 1.647547622681180712e+02 1.851744177620457776e+01 1.636949437248535162e+02 5.914743967636566609e+06 4.403209095501829870e+06 5.886418408644416189e+01
 3.838539207807326825e+00 6.638462141851268761e-02 1.799594241133384639e+04 1.235758583213388010e+04 5.586272965112790416e+02 9.960511668350482850e+00 1.431382626603067329e+05 8.353444218335417099e+04 3.108721026329646338e+04 8.960918957022306131e+03 2.911464117248381081e+04 7.320077893347736790e+03 2.658759925943339476e+04 2.875527363134512052e+04 1.646592320835333112e+02 1.887596755438663010e+01 1.636184406835719187e+02 6.678035891082644463e+06 4.949256820917073637e+06 5.822762376114556560e+01
 4.846649017695941808e+00 6.789862241053364056e-02 1.408253505278935882e+04 9.953553348860914411e+03 4.683104636184138485e+02 9.370904868679900801e+00 1.161405213173491793e+05 7.786233526897354750e+04 2.601340497423564739e+04 8.202820668094178473e+03 2.971879610784941178e+04 6.643582514517072013e+03 2.311074701518045185e+04 2.863663958497466956e+04 1.648764948625941429e+02 1.863077142289685995e+01 1.636738177672814913e+02 6.097938285458903760e+06 4.603551309907360002e+06 5.832913733543516344e+01
 4.955206674256217525e+00 7.715595444647052603e-02 1.629661183513787364e+04 1.128746356152874068e+04 4.936657485293890204e+02 9.522970836446924991e+00 1.281734846367931314e+05 7.990054924313377705e+04 2.694238419145053194e+04 8.980036980295995818e+03 2.825189329490699674e+04 8.250295905385672086e+03 2.211027894906246365e+04 2.875064308350560168e+04 1.646955357506505209e+02 1.833554923128428271e+01 1.636639785691081386e+02 7.642641151652844623e+06 5.533529792146535590e+06 5.859015821757650144e+01
 5.030296967373229400e+00 7.270518496507862027e-02 1.700900114409156231e+04 1.211555360370373455e+04 5.249118318398665224e+02 9.423187343650207382e+00 1.440428248570970609e+05 7.989687620994145982e+04 3.314519254504302080e+04 9.235991096950301653e+03 3.097581219852565118e+04 7.332789719736420921e+03 2.414818425381405177e+04 2.961871695451297273e+04 1.646936577024736152e+02 1.869387815481671211e+01 1.636733933304004154e+02 6.691921165759806521e+06 5.028654467686168849e+06 5.848085190480461648e+01
 4.126383821840803989e+00 6.582409369047896586e-02 1.559550831784918410e+04 1.088572568853694975e+04 4.987979206600120961e+02 9.353335075140861932e+00 1.193328215917156485e+05 7.156149127111294365e+04 2.734191452914613546e+04 8.078515304582168937e+03 3.218634252340176317e+04 7.108673773235321278e+03 2.325390461672474703e+04 2.946568793749999168e+04 1.647904998212731300e+02 1.875469111993071181e+01 1.636450844346992994e+02 6.543878311317857355e+06 4.761763198053190485e+06 5.842623684203846324e+01
 4.840201327715643487e+00 7.843151617620984506e-02 1.833188844351957596e+04 1.283905870950139251e+04 5.848952060535010560e+02 1.023715038889408291e+01 1.688538926748964004e+05 1.150041146228873986e+05 3.276687063242691147e+04 1.062619714301043132e+04 3.878133050688896037e+04 7.769033896407791872e+03 2.586440259245246853e+04 3.140754470115142249e+04 1.647170298137511963e+02 1.887908505254312885e+01 1.636697259402766917e+02 7.130530177444084547e+06 5.282355967473280616e+06 5.851833764711466301e+01
 5.792640511770470013e+00 6.910803964773819252e-02 1.893942636714581386e+04 1.303366675664741160e+04 5.339680762489273320e+02 9.546943171225478864e+00 1.336675603761255043e+05 9.918745283563023258e+04 3.121490192442358602e+04 1.011606756930267511e+04 3.477595513016644691e+04 7.963444256480268450e+03 2.513219784613111551e+04 3.177451409234035236e+04 1.647982196315839190e+02 1.864594047769100271e+01 1.634558672276177447e+02 7.349815581577762961e+06 5.288241846938516945e+06 5.827583306387142414e+01
 4.158099606584333863e+00 5.871425963375502544e-02 1.656025443993034060e+04 1.137698393686847157e+04 5.061178914658837016e+02 9.361074408887173348e+00 1.397972674148156657e+05 9.451945879691865412e+04 3.078694570627719804e+04 9.010436008266646240e+03 3.175633802057331559e+04 7.100657944822988611e+03 2.407678885888267541e+04 2.932536643939549322e+04 1.647736007544796450e+02 1.858991573751597670e+01 1.640479050471947460e+02 6.420396641970884986e+06 4.751651347087815404e+06 5.831855255094347967e+01
 4.461365284360884864e+00 6.982137058678816732e-02 1.723055683868232882e+04 1.212552675231198009e+04 5.209828458813026373e+02 9.990583365195790932e+00 1.373452568853923003e+05 1.065300738023781742e+05 3.081035760576889879e+04 9.409714375730507527e+03 3.100452575505577624e+04 7.816535351225665181e+03 2.487267202501859720e+04 2.962289862777309099e+04 1.647767373961725639e+02 1.881722974614860178e+01 1.636957869641879597e+02 7.181364027071887627e+06 5.325281372220257297e+06 5.822916277932442597e+01
 3.827878521394169731e+00 7.362118014345818418e-02 1.716341938814663081e+04 1.181683638242169582e+04 5.303182895333786746e+02 1.061940467699438351e+01 1.477674494137056463e+05 8.905579569844160869e+04 3.200142059445119594e+04 1.026040214467861915e+04 3.201775627763222656e+04 8.619347979300684528e+03 2.559332547896236792e+04 2.941502299935022529e+04 1.648177221922070146e+02 1.858205741500289676e+01 1.637995090987077447e+02 7.880868933567019179e+06 5.720230718734903261e+06 5.836979851515150841e+01
 4.966962873553431912e+00 7.888348199199687882e-02 1.729020488854853465e+04 1.201313924554438017e+04 4.981471820441808518e+02 1.044892094650919745e+01 1.381145012008694175e+05 9.275736675533530070e+04 3.120456177305426900e+04 8.795265679649166486e+03 3.618201861115491192e+04 6.915372437268210888e+03 2.671477559986404958e+04 3.054555593623202731e+04 1.647179697879107039e+02 1.887791011459520618e+01 1.635536540008111785e+02 6.361072053280125372e+06 4.779293214399904944e+06 5.823828284058420479e+01
 4.875622959651407129e+00 6.230429574218791788e-02 1.847547485607476119e+04 1.289979370448024747e+04 5.097021392151834220e+02 9.844509798907196796e+00 1.150004916327597894e+05 6.889046679084406060e+04 2.805335275264039592e+04 8.471019738609229535e+03 3.380205309836522065e+04 6.829360093590980796e+03 2.375170303076797427e+04 2.952153372439859595e+04 1.648305207616143093e+02 1.862567428273299797e+01 1.636698161215669529e+02 6.283151965312989429e+06 4.692644271271512844e+06 5.845905431481377690e+01
 3.438818658122789529e+00 7.298443546470567700e-02 2.094891347538846094e+04 1.447683556147563831e+04 5.636454420378998975e+02 1.087904497234671020e+01 1.466663722389263567e+05 9.415903629513097985e+04 3.344295177998548024e+04 9.382253047518515814e+03 3.116862806520810773e+04 7.717321120043794508e+03 2.801069587377895368e+04 2.918988339123724290e+04 1.647218138245937951e+02 1.902949180464958800e+01 1.636000401091947936e+02 7.038933851055171341e+06 5.219952123232864775e+06 5.795929852327468979e+01
 4.684517905991493869e+00 7.270870575309415496e-02 1.574045577146648611e+04 1.104082890466092977e+04 4.650295863787147823e+02 1.006293561629626332e+01 1.204511306528818677e+05 8.911605100044174469e+04 2.845150778389300467e+04 8.813521536430427659e+03 3.284049175275229936e+04 6.948467194890749852e+03 2.394072452161866386e+04 2.929285002425944913e+04 1.649129945316986152e+02 1.888842387918407439e+01 1.636041085751010655e+02 6.377238119161050767e+06 4.777326629232757725e+06 5.806129079346910515e+01
 4.872598634640660009e+00 7.823729335772851290e-02 1.734660010018437606e+04 1.213615720246513592e+04 4.660482640484362946e+02 1.038747314812431988e+01 1.273507816266604641e+05 8.933346505756433180e+04 2.943266495267763457e+04 8.125158445025678702e+03 3.057338001189328497e+04 6.770354451004826842e+03 2.353922855138133673e+04 2.940784631254514898e+04 1.646953207577587079e+02 1.856563630987263380e+01 1.635765550031863427e+02 6.177827387126143090e+06 4.678359834222337231e+06 5.829729311157448990e+01
 4.954336845213610729e+00 8.117750320524821928e-02 2.016163627458538031e+04 1.444634028821865832e+04 5.632799172940016206e+02 1.005125633814713382e+01 1.530229581627128646e+05 1.059649846720697387e+05 3.380005356093392766e+04 9.095393531152731157e+03 3.481760563515505055e+04 7.366771892815851061e+03 2.638973474797484596e+04 3.105269744047008135e+04 1.647127590167871745e+02 1.890077834927225808e+01 1.636963257785920121e+02 6.719502486632715911e+06 5.061857539351277053e+06 5.825575001217713833e+01
 4.114321325484529446e+00 6.894286787612990963e-02 1.708950264198762670e+04 1.188296696110197081e+04 5.139275496937104890e+02 1.009378768476047128e+01 1.223113458002216648e+05 8.801895383175629831e+04 3.016710740870392328e+04 8.151375688119370352e+03 3.456069313073868398e+04 7.253060929314460736e+03 2.473904962524733128e+04 3.060745259385916142e+04 1.648297068250925008e+02 1.894837003180859369e+01 1.635788442269727057e+02 6.638542072944827378e+06 4.849650642703486606e+06 5.814637107437044250e+01
 4.850141547294597899e+00 8.189956611306056788e-02 2.067989205848446363e+04 1.427535630546817993e+04 5.743017671193427987e+02 1.107397257855977912e+01 1.746212728779940808e+05 1.205270579217584454e+05 3.682963346454493876e+04 1.013996334756137185e+04 3.973896386429126869e+04 7.322979531502146529e+03 2.769235001900633142e+04 3.181574424892323441e+04 1.648755932494100307e+02 1.917568571641093911e+01 1.635792698314542122e+02 6.662683776307372376e+06 5.002315287127078511e+06 5.822271786829531237e+01
 1.513602621871672049e+00 5.112761251481773295e-03 2.514372752279759425e+03 1.560243897040477805e+03 3.298300216160385503e+02 3.447839735477235656e+00 8.089439022022188874e+04 1.626352092127877040e+04 1.194194902288357480e+04 2.753368787622949185e+03 1.311915771859230699e+04 1.870117878354105642e+03 1.079809054911422209e+04 2.248951228212938076e+04 1.631317247278466880e+02 1.537347022904456573e+01 1.624350979390821976e+02 1.754396298301298870e+06 1.088153103063165210e+06 6.124429406698474310e+01
 1.809945910061022678e+00 3.875067274543323673e-03 1.843294181892657434e+03 1.141837647722036081e+03 2.568159380538848495e+02 3.290089821592035335e+00 5.577649576306926610e+04 1.102673113314116199e+04 9.816336235819380818e+03 1.887408677902762975e+03 9.042786983153502661e+03 1.491947629349469707e+03 7.776543561749050241e+03 2.222349887454008058e+04 1.631467843644798563e+02 1.526558834034324796e+01 1.624353284619757574e+02 1.402676045636349125e+06 8.706176784856986487e+05 6.141359269996301151e+01
 2.167482205319300359e+00 5.771845818696915223e-03 3.020531683319291915e+03 1.867616877250914285e+03 3.288320720384755873e+02 3.865157911492393517e+00 8.710929234954182175e+04 1.613609113488715957e+04 1.600083014542604906e+04 2.909665942172072391e+03 1.574469165021012122e+04 2.169365019635848512e+03 1.284060110064813671e+04 2.266546002951630726e+04 1.631332880176032063e+02 1.588766578562109189e+01 1.625318570802020588e+02 2.035363390276915394e+06 1.269713076287646079e+06 6.137142735276538019e+01
 2.111356322881791758e+00 4.425129261909969275e-03 2.091667791585469331e+03 1.293018815606835460e+03 2.579079427561400166e+02 3.608821649398762155e+00 8.073247134042283869e+04 1.430134178057732970e+04 1.348226955303386603e+04 1.636514878053046914e+03 1.267962762521634795e+04 1.194488990359174750e+03 1.038550528104140540e+04 2.225332790614547412e+04 1.631642272825729094e+02 1.534508394578922363e+01 1.624369131396847479e+02 1.120009664871332468e+06 6.959898004417023621e+05 6.143084162948563431e+01
 1.622305629770805835e+00 5.269530570738369460e-03 3.223446335042591727e+03 1.996396536052001238e+03 3.026527792730878446e+02 3.355895647015643135e+00 7.744979165620350977e+04 1.537343024668059479e+04 1.312396816564518667e+04 2.338700098407855421e+03 1.285343329951311898e+04 2.437304209853445172e+03 1.098702007427658282e+04 2.228646984360555143e+04 1.630786196307730336e+02 1.589393622750559310e+01 1.623998709379416141e+02 2.294842233184554148e+06 1.427758331690257648e+06 6.115782685434284360e+01
 1.420710476732980565e+00 4.112609660854512315e-03 1.894341933390767053e+03 1.175188214858237188e+03 2.553177531114711769e+02 3.099448702449046689e+00 6.207414710978569929e+04 1.293779811449909539e+04 1.010068039563179991e+04 2.089318672490028348e+03 1.320508870504744664e+04 1.483587153337972723e+03 9.585338173071337224e+03 2.232002888484266077e+04 1.631192461487160017e+02 1.529444744367790854e+01 1.624518171264808473e+02 1.390654545745675918e+06 8.626536933641086798e+05 6.150396053846882438e+01
 2.206265975705144378e+00 7.297685562330238733e-03 3.350377268984357670e+03 2.076148720631608285e+03 3.753147232982173023e+02 3.445535512829261293e+00 8.620352868092694553e+04 1.940326946509846675e+04 1.362833109416185289e+04 2.683074301483930867e+03 1.443207122678431733e+04 2.471723678127464154e+03 1.190618709298068097e+04 2.231115774652497566e+04 1.631713553973268347e+02 1.653710060119147585e+01 1.624370340902663372e+02 2.315897814288232476e+06 1.448294215442888672e+06 6.155508136693848087e+01
 2.214763354452964350e+00 6.642397320596813391e-03 3.355611249379703622e+03 2.073621103971725915e+03 3.829776395041956221e+02 3.852246142584611288e+00 7.188597940615224070e+04 1.645845569822169273e+04 1.310952076498424321e+04 3.247525837200376827e+03 1.106819375696324278e+04 2.799447306548607230e+03 1.146829059653610602e+04 2.236149880693441810e+04 1.631752934605372047e+02 1.627399869601614313e+01 1.625395888730060108e+02 2.632191424844908994e+06 1.636943572198015638e+06 6.166943092633552226e+01
 2.190944988951911920e+00 5.571176903945053958e-03 2.846818755467604660e+03 1.762775918019636265e+03 3.431126891515737043e+02 3.956482309573445821e+00 8.325783374175001518e+04 1.624653471267469104e+04 1.157261683992798135e+04 2.133377692938782729e+03 1.201482914182203240e+04 2.122011856503875606e+03 1.039121118664414462e+04 2.242816143965715673e+04 1.631459917688673045e+02 1.589179111917407994e+01 1.624623906469691690e+02 1.999229867351157591e+06 1.243081324603686575e+06 6.157903943999141205e+01
 2.301559620945800244e+00 7.305007940579318938e-03 3.865156170746032330e+03 2.404700496522208596e+03 3.840627061063226506e+02 4.152274880219895437e+00 9.476943364306371950e+04 1.783776670865778578e+04 1.344869848877220647e+04 2.925054139078064054e+03 1.613531222591410551e+04 3.089349134291844621e+03 1.181753784964365877e+04 2.237441452158877655e+04 1.631840372115562445e+02 1.617289778776734366e+01 1.624915232941912393e+02 2.909731944815060124e+06 1.817393303646085318e+06 6.185322544341780571e+01
 2.126661437024933043e+00 6.426682798290821001e-03 3.000023062166178079e+03 1.859692330723440818e+03 3.198660677486687405e+02 3.585809748201321145e+00 7.895928901854946162e+04 1.415526837732223976e+04 1.043663548545246522e+04 2.460185395838641398e+03 1.220174276401796305e+04 2.115085678581197499e+03 1.042361842268803775e+04 2.255984406329635749e+04 1.631578572387575150e+02 1.610702550385126131e+01 1.624807464808772579e+02 1.989107740314194234e+06 1.238222570228211582e+06 6.172179495888607192e+01
 2.187521404394958235e+00 7.358173619180190597e-03 3.847108223863696821e+03 2.375641542893436508e+03 3.563779852651319970e+02 3.779469245699987212e+00 1.021867609552945360e+05 2.350350509461667025e+04 1.425074403997122681e+04 3.631487676400832697e+03 1.888412956093853063e+04 2.646382918626229184e+03 1.349480333069870539e+04 2.298977863873320166e+04 1.631816339043901678e+02 1.611575656512597021e+01 1.625544867180921642e+02 2.484717810780803207e+06 1.548643580701235682e+06 6.187414610990194319e+01
 2.126515199853714400e+00 1.071707972033268327e-02 5.606447545453223029e+03 3.507913035707560084e+03 4.999323398845095312e+02 4.436404430995590786e+00 1.023953506047905976e+05 3.278763043918264884e+04 1.553454518182399443e+04 5.306843409964840248e+03 1.671199760638556836e+04 4.530231185636079317e+03 1.347003391167051996e+04 2.329123135889109835e+04 1.632057368090480622e+02 1.654485075321525755e+01 1.626815950800589405e+02 4.262605397658670321e+06 2.692898791264025960e+06 6.232537899189743769e+01
 2.076519788428743851e+00 7.259643472918044654e-03 3.753657871211699330e+03 2.342775185855634845e+03 3.717059433356968157e+02 3.805474522122137770e+00 7.380823448981680849e+04 1.884879099745041094e+04 1.208523852574142074e+04 3.572359152026104312e+03 1.090349352332694252e+04 3.093661586976990293e+03 1.103279564346536063e+04 2.265684008248553437e+04 1.631713307194610252e+02 1.641542490423057288e+01 1.626018626820125803e+02 2.905295477038261015e+06 1.833270775681350380e+06 6.245327800687213937e+01
 1.898037253668795499e+00 1.311552459696004036e-02 5.867140460041969163e+03 3.705355192567413724e+03 4.310851121475702712e+02 4.648056179262974652e+00 1.061331350974071102e+05 2.569407195760331888e+04 1.869453138416464208e+04 5.155598055034135541e+03 2.019086866611495498e+04 4.560000129207493956e+03 1.500866847646252063e+04 2.346827173165316708e+04 1.631820164479870812e+02 1.700274309599547706e+01 1.626803262891608881e+02 4.298075122806219384e+06 2.747881632614120375e+06 6.236199216665078637e+01
 1.878470532201640619e+00 9.183993802283614213e-03 4.169023758530986015e+03 2.583420070176412537e+03 3.651575277968095747e+02 4.333430112833793757e+00 9.990524220960352977e+04 2.899111249638022491e+04 1.675827100322838305e+04 3.371741438476698931e+03 1.632368763985478836e+04 2.749704338741555603e+03 1.385770429901704119e+04 2.265982739321011832e+04 1.632006552372127715e+02 1.649136395922245057e+01 1.626002290873966842e+02 2.585608585582637228e+06 1.623541550403387053e+06 6.258334365140250810e+01
 1.923549866849306511e+00 1.442023092579423210e-02 6.504310464426617727e+03 4.155282762376279607e+03 4.293959716118661731e+02 4.065234543182374871e+00 1.001311585398069728e+05 2.196100555281954075e+04 1.576592668232434153e+04 5.164096129474632107e+03 1.479411517897744125e+04 5.285433592223721462e+03 1.455647501110433041e+04 2.276614750313450349e+04 1.631862280897926496e+02 1.703096445755874200e+01 1.626734272434930517e+02 5.008350470281513408e+06 3.217445842148736119e+06 6.219784408756540728e+01
 2.182973977333698912e+00 9.470523525491962233e-03 4.668555808293391237e+03 2.921834367830552310e+03 4.225446631051431723e+02 3.682788982818815615e+00 8.674314995543350233e+04 2.253937877862159803e+04 1.245986598824146495e+04 4.259644855865555655e+03 1.636757843050765405e+04 3.592577771579039108e+03 1.347007966301452689e+04 2.291638775523673394e+04 1.631678751371605074e+02 1.648303220485545140e+01 1.626471237325348795e+02 3.378483179613127373e+06 2.124190570894892793e+06 6.258142026684982540e+01
 1.661332720794891138e+00 1.565333066739147544e-02 5.874039502951240138e+03 3.740237659479434569e+03 4.355792747020597631e+02 4.312676459387022376e+00 9.543495719352267042e+04 3.350022768965487921e+04 1.664927205218693416e+04 4.434619079726902783e+03 1.624587195185761993e+04 4.527796146396687618e+03 1.453204107108026437e+04 2.306304167413948744e+04 1.633635781237103117e+02 1.763483653958563835e+01 1.626519183212328699e+02 4.262499751392306760e+06 2.793295203931686003e+06 6.268688526421912854e+01
 1.571377918801956985e+00 1.310399955931686004e-02 5.910740728342464536e+03 3.763413690558709732e+03 4.186325814528055957e+02 4.575666237534830039e+00 8.981675590658934379e+04 2.637826286380601960e+04 1.436622363727479387e+04 5.530091547883681415e+03 1.350630487676404300e+04 5.053150741877406290e+03 1.389399713806959153e+04 2.297560866932936187e+04 1.633041288856603614e+02 1.725024119893533125e+01 1.626848121791012716e+02 4.761965220706538297e+06 3.053884867409140337e+06 6.278510335908885764e+01
 1.903004461341672116e+00 1.130634992442484596e-02 5.787185999189303402e+03 3.625493780437748228e+03 4.702937848597159700e+02 4.531702228202248328e+00 1.023245406393086887e+05 2.552165967630067098e+04 1.240504673003772405e+04 4.513623007821825922e+03 1.384544272194769655e+04 4.582160538431429813e+03 1.360075956571272036e+04 2.300340351550189371e+04 1.631905204605586732e+02 1.691750963564789600e+01 1.626470998286904717e+02 4.315888038877839223e+06 2.745352310953224543e+06 6.271245560843845368e+01
 1.809894401282294396e+00 1.885979322206555314e-02 7.100629211820545606e+03 4.581663494062669997e+03 4.937590479973931679e+02 4.944510001747121741e+00 1.142145712909528665e+05 2.826151196333468033e+04 1.686058938036470136e+04 5.723249365647171544e+03 1.914003757925859827e+04 5.857920225167709759e+03 1.571634544539291164e+04 2.294407882155412517e+04 1.633266764340178270e+02 1.723182024090080944e+01 1.626392121541620099e+02 5.518709986633738503e+06 3.614408134063614067e+06 6.300736939646961332e+01
 1.865431295480491691e+00 1.329684391700753678e-02 5.390997535637169676e+03 3.430485015571261556e+03 3.795489480253126544e+02 4.184666784646016602e+00 8.960437800337176304e+04 2.685389503026193051e+04 1.262719816610180169e+04 4.356460131442730926e+03 1.541427910641352355e+04 4.102731021083505766e+03 1.384935561033288286e+04 2.345786912939155081e+04 1.632890093055439138e+02 1.722415326974454075e+01 1.628168076236680974e+02 3.859696812578836456e+06 2.494888042122077662e+06 6.298291295724679628e+01
 1.604099520433269976e+00 1.799635397017076630e-02 7.249113759182376270e+03 4.652701505407663717e+03 4.302710259671669633e+02 4.384371969692455018e+00 1.226776230967005977e+05 3.600711137904650968e+04 1.774817988028955369e+04 6.385534901643253761e+03 2.226385012169976835e+04 5.231405609288798587e+03 1.628132249484141357e+04 2.411769829734172890e+04 1.633414606883047497e+02 1.723281008238090806e+01 1.628810817594668379e+02 4.929278276777074672e+06 3.211413350190591998e+06 6.308870531301305817e+01
 2.727337011325464022e+00 4.223821163515694560e-02 9.191581808159111461e+03 6.236390433407586897e+03 6.163632043679232311e+02 5.075610331641056128e+00 1.009204046622348396e+05 3.108370676807534983e+04 1.929517054048590944e+04 7.316047166087885671e+03 2.078621127675827665e+04 6.845059295006436514e+03 1.605756466676805758e+04 2.483061814327843240e+04 1.642656492610829844e+02 1.769807323775645003e+01 1.636800983557969289e+02 6.358959742917367257e+06 4.438864138861224055e+06 6.378516974733117451e+01
 3.380733887547335392e+00 1.768961191523652290e-02 6.082003214818837478e+03 3.992445861040317595e+03 4.049993297977577527e+02 4.339395581651848133e+00 8.336359708082165162e+04 3.096530101131811898e+04 1.496805050402675988e+04 5.494172850232875135e+03 1.368534842437645966e+04 5.027167917570435748e+03 1.321604231255420564e+04 2.355896326944368775e+04 1.634474846002991058e+02 1.730741786777749169e+01 1.629460316538253721e+02 4.724543112294394523e+06 3.187772927582751028e+06 6.346406988022196316e+01
 5.050639863440907540e+00 2.584976811609084393e-02 8.161616414641265692e+03 5.559679417109486167e+03 5.918974572548346487e+02 5.326143510773026613e+00 1.050318424196426204e+05 2.781270026029881410e+04 2.229572222178311495e+04 6.446148799853850505e+03 2.229566202226372116e+04 5.819309577752613222e+03 1.954646220584511684e+04 2.501658290304067850e+04 1.647956295376810658e+02 1.840754223500623965e+01 1.641547773500063840e+02 5.272589742990755476e+06 3.694137549675683491e+06 6.413519581218865540e+01
 4.801442656726644387e+00 1.703873828069650195e-02 6.624591797468066034e+03 4.291583315007680540e+03 5.001085234543261322e+02 5.275268197701322492e+00 1.017947735378761863e+05 3.222702297395625283e+04 1.896514132691151462e+04 5.574226939884404601e+03 1.949810599064473354e+04 5.035427657417984847e+03 1.500031548337335516e+04 2.363847651346363637e+04 1.634930630071318660e+02 1.745515645224195822e+01 1.630193481498768620e+02 4.759394045431261882e+06 3.163158249133003410e+06 6.351919108382077184e+01
 4.322990510284379972e+00 4.381343723060584366e-02 7.302789854940693658e+03 4.979934719544269683e+03 4.508380387807137026e+02 4.879943775483819302e+00 1.011042348045737890e+05 3.204195756165447892e+04 1.863664751391075333e+04 5.199915685580505851e+03 1.848532554607769998e+04 4.667302903881356542e+03 1.587305514314006359e+04 2.411985094097539331e+04 1.638007008812403456e+02 1.797177614983816696e+01 1.631912488985237246e+02 4.321461276821589097e+06 3.210395792901364621e+06 6.338719132284182223e+01
 3.511272896389627363e+00 1.917854191203848327e-02 7.171203033479741862e+03 4.698145439191865989e+03 4.353184573612892905e+02 4.426445642983647843e+00 9.631124895581237797e+04 2.832662038849829332e+04 1.428251618794954447e+04 6.275406599574001120e+03 1.847419393103988114e+04 5.442612188474700815e+03 1.455695885924461436e+04 2.419580520971303849e+04 1.634279857891429515e+02 1.737587274929906300e+01 1.628938327909797010e+02 5.083029914018546231e+06 3.402984799064031802e+06 6.362009368664169529e+01
