 2.462063721817547624e+00 1.310332666054415778e-02 4.246217833963963130e+03 2.878269974873633146e+03 2.868935557978881548e+02 2.311854688676383773e+00 6.141329651065914368e+04 1.758129156353292274e+04 1.217318992410294049e+04 2.481547114576027525e+03 1.141837745744652420e+04 2.085216339188841175e+03 1.058094236820961669e+04 1.718251168563740430e+04 1.178890236926573465e+02 1.296193271279986092e+01 1.175240026550505092e+02 1.942255153568210779e+06 1.371762172103319783e+06 5.360023238811912449e+01
 2.284790353779947658e+00 1.409867794635562971e-02 3.475162373185363776e+03 2.344510573823858977e+03 2.379407047113404872e+02 2.301937245872884397e+00 5.024020280541957618e+04 1.536811587209738354e+04 9.760840787664634263e+03 2.606454353338297551e+03 9.497072825353297958e+03 2.297093296033341176e+03 9.130321972318917688e+03 1.705093190273968139e+04 1.177399909045757624e+02 1.273464118168810089e+01 1.173667217577636279e+02 2.134507413444910664e+06 1.522921300524533726e+06 5.358402034142309844e+01
 2.370636055218221294e+00 1.534217981093209497e-02 3.930390510634310431e+03 2.679652713489375401e+03 2.726942816699706214e+02 2.228992645148749396e+00 6.239639719899870397e+04 1.943297756528199534e+04 8.873064406160880026e+03 2.648978107914134398e+03 9.432604710824189169e+03 2.561328148480848085e+03 9.514143632076013091e+03 1.704936404451137787e+04 1.166586049724715792e+02 1.243898361076815284e+01 1.163019511903627290e+02 2.409116430079266429e+06 1.688579444590806263e+06 5.318675164992697546e+01
 2.501078146142756253e+00 1.487858342400821300e-02 4.023650414485523470e+03 2.770338224157148488e+03 2.790209428185939942e+02 2.618081902752797951e+00 6.657389046571518702e+04 2.194466576075400371e+04 1.225674601143497966e+04 2.765107265933583221e+03 1.219467664405633150e+04 2.458002508812926862e+03 1.047245140453510248e+04 1.693502153686307793e+04 1.172727971970264775e+02 1.271399918898177184e+01 1.169971475403568348e+02 2.295054869561530184e+06 1.621874047392577399e+06 5.348785502859966812e+01
 2.125056035426647671e+00 1.155820531853720030e-02 3.872365956811021533e+03 2.649445422411105028e+03 2.673093762916219021e+02 2.258112739729831731e+00 5.290531425644324190e+04 1.510418689925271974e+04 9.855652198928572034e+03 2.652910933580463734e+03 1.089376654425912056e+04 2.303188548334797360e+03 9.350806566017057776e+03 1.748350855448734364e+04 1.179003694772723776e+02 1.272190270033538617e+01 1.174827436855607772e+02 2.123049628433721606e+06 1.497215731279790169e+06 5.396886335952378033e+01
 2.387407493902816480e+00 1.537857148066176273e-02 4.723262248617330442e+03 3.244351661722986137e+03 2.909032301175904536e+02 2.529507635663743148e+00 7.312581797418901988e+04 2.492741716635967532e+04 1.282317888280126317e+04 2.824924891589232629e+03 1.436630507336866503e+04 2.276952270258103454e+03 1.121013137050933983e+04 1.812326005234843979e+04 1.177405058015225308e+02 1.268817086396705562e+01 1.172718842744435648e+02 2.111894716174332891e+06 1.510846567077787360e+06 5.376439401001550777e+01
 2.831966133730953405e+00 1.345984319016024777e-02 4.574592400728683970e+03 3.136240785085165498e+03 2.964825346522528662e+02 2.561342480497390994e+00 6.225272561617611063e+04 2.520265386236230188e+04 1.280421030764927491e+04 2.790333813121900675e+03 1.346828046850423743e+04 2.306310773186606184e+03 1.107123567256824572e+04 1.801953378104075819e+04 1.179498269097647949e+02 1.266005449177387021e+01 1.177476294571469850e+02 2.137303781996539328e+06 1.532621403530301061e+06 5.331811391011748924e+01
 2.960164415554792594e+00 1.237643902587271666e-02 3.481886351059333265e+03 2.362175078471495908e+03 2.769164504776622380e+02 2.306560685771669839e+00 5.615025189221409528e+04 2.103461356528564647e+04 1.067549465799377504e+04 2.280965279503715010e+03 9.924219358456672126e+03 1.856712247918953153e+03 9.139289568875345140e+03 1.724081868858905000e+04 1.179557670717516942e+02 1.252726972766513747e+01 1.175759444506808649e+02 1.707136387080638669e+06 1.227869649334031390e+06 5.334511691674783407e+01
 3.268776134802224398e+00 1.826923937747573778e-02 4.780233376951470746e+03 3.265035559902652949e+03 3.097352832023784686e+02 2.713234880512359837e+00 6.876623362935359182e+04 2.706293029369269425e+04 1.310194228307934645e+04 2.617764062780782751e+03 1.296620214170011423e+04 2.091186191507449621e+03 1.168274673816630093e+04 1.785170977905835025e+04 1.179325730612837901e+02 1.281422538697255753e+01 1.174444223802831857e+02 1.945783808456471656e+06 1.407579309879447799e+06 5.326263278129528089e+01
 3.180687090931990646e+00 1.797658261183341169e-02 4.978942360846996053e+03 3.403157904865571254e+03 3.376884644202444292e+02 2.899792635679935504e+00 7.221869586592487758e+04 3.486853138949869754e+04 1.303658204991781349e+04 3.211267777689146442e+03 1.250878767538544707e+04 2.767648236077576257e+03 1.096923420022206301e+04 1.767202795526074260e+04 1.178074436047567559e+02 1.258442536500421838e+01 1.173975200278879356e+02 2.547316059290207922e+06 1.798533705321551301e+06 5.314473216914087317e+01
 3.466534699605767322e+00 1.591735416042180939e-02 4.797579579570275200e+03 3.267978155914054696e+03 3.307488986074585569e+02 2.713252421108880430e+00 6.859927416905970313e+04 2.587302970938812723e+04 1.256030329501602137e+04 2.757631578671970146e+03 1.298222296614500738e+04 2.342731433723888586e+03 1.143255899624969061e+04 1.786651041845631698e+04 1.179307394268512610e+02 1.287755695044518234e+01 1.174802924274241178e+02 2.169221098367604427e+06 1.553173893223421648e+06 5.308315617051562185e+01
 3.014797360371193058e+00 1.256333595613506535e-02 4.059279844002553546e+03 2.802117291983016457e+03 2.890351771708490105e+02 2.342366108431168659e+00 6.013110587792473962e+04 1.942385072583537476e+04 9.955745749154984878e+03 2.410925511349479621e+03 1.153979206418878675e+04 1.926200921894409021e+03 1.022636630198538478e+04 1.779074175187112996e+04 1.179278614831682432e+02 1.263506052051992867e+01 1.176972165422964451e+02 1.787715699196141912e+06 1.300202945366470609e+06 5.363686258578218968e+01
 2.492484752589380292e+00 1.390474417081465769e-02 5.013940100078511023e+03 3.420065741552862164e+03 2.911990600762159715e+02 2.760582228953688322e+00 6.357484412323912693e+04 4.001655692891483341e+04 1.275042890831180011e+04 2.642849577591393427e+03 1.226282248602237087e+04 2.070156215023908317e+03 1.104425571266275438e+04 1.768727255550314294e+04 1.181930834174002740e+02 1.274818769417695563e+01 1.175306879022645603e+02 1.919464274363419740e+06 1.385165327705393545e+06 5.221582259547606952e+01
 3.210608385929989428e+00 1.356489521658944299e-02 3.982495609955819873e+03 2.747696222951277832e+03 2.792049366133205126e+02 2.651977508084644164e+00 5.515824269345209177e+04 2.308382587371005138e+04 1.049366956978669987e+04 2.562790110588562584e+03 1.039272586848053288e+04 2.137226014838783613e+03 1.017016062200536726e+04 1.744756913516437999e+04 1.180763821959986899e+02 1.271347335241155641e+01 1.176005759606998566e+02 1.999537694376612082e+06 1.455467791103578638e+06 5.256493505831376467e+01
 3.036722388242690585e+00 1.831217764869203304e-02 4.622314530156585533e+03 3.174080496542352194e+03 2.970730312052214117e+02 2.574114826300695213e+00 6.456744372624580137e+04 2.385390710782352835e+04 1.027362800888072343e+04 2.881803744168563298e+03 1.031435994743224001e+04 2.561321066267234528e+03 9.899876875066991488e+03 1.758889482953101833e+04 1.177737674429195351e+02 1.246465898842743947e+01 1.172640808575512636e+02 2.374145639225043356e+06 1.712894973830563715e+06 5.262582852692088409e+01
 3.542414232412891995e+00 1.656569256536280163e-02 4.619470364979146325e+03 3.187104217341665844e+03 3.145775304311497962e+02 2.989083630890948751e+00 7.170279350058575801e+04 2.838222813752046204e+04 1.281292745950531753e+04 3.002262472485569106e+03 1.295304170813835299e+04 2.489716631662339296e+03 1.113281367212750411e+04 1.753296381886157906e+04 1.179863254622572413e+02 1.266435162467065290e+01 1.176262187301173867e+02 2.307157506436516531e+06 1.653654516043295618e+06 5.250506427310656932e+01
 2.822566200897348221e+00 1.382005693431917828e-02 4.437358481561516783e+03 3.052465672066007301e+03 2.791196464771255137e+02 2.625076099820780939e+00 5.784607166186739050e+04 2.403879876438032079e+04 1.049669851257494156e+04 2.534392280085380207e+03 1.188889874108128970e+04 2.212080422344760791e+03 9.975836445679022290e+03 1.775497366979344224e+04 1.181158266884348365e+02 1.268195355508329492e+01 1.174998045449923012e+02 2.043235998828437878e+06 1.474025865459085675e+06 5.256586693804664634e+01
 3.305969510108843767e+00 2.046807406388099354e-02 5.767882995770835805e+03 3.895267506900129774e+03 3.362744216612197192e+02 2.974881133761923202e+00 8.091384346512261254e+04 3.408966200823343388e+04 1.358467070701735429e+04 3.177201530031875336e+03 1.519503736677077359e+04 2.478735249576993283e+03 1.206139481011296266e+04 1.837308489683214066e+04 1.179942781754311341e+02 1.260788717886352295e+01 1.175115386417859895e+02 2.264802231647572014e+06 1.612490488219665363e+06 5.248607479079844040e+01
 3.488489567727750096e+00 1.817142948463836352e-02 5.350544318431498141e+03 3.668026269577020685e+03 3.168546924156594855e+02 2.938813972436333355e+00 6.636341572070856637e+04 3.172666409664148523e+04 1.387604102951570349e+04 3.183287722480863522e+03 1.463496430439923643e+04 2.651156128779501614e+03 1.160609619237092193e+04 1.853749723915260984e+04 1.179969093098880677e+02 1.258315935425104470e+01 1.175870008091642660e+02 2.461268641930756625e+06 1.771269332160030026e+06 5.203994686031484207e+01
 2.377338105322934769e+00 1.304033906319479637e-02 4.279223888689582054e+03 2.942039195491625378e+03 2.467133639424920375e+02 2.690394875661918483e+00 5.854018534357995668e+04 2.894617248811896570e+04 1.178115862472442859e+04 2.572780543951396794e+03 1.116533067264704732e+04 2.065218809173425598e+03 9.821020501959839748e+03 1.780658708191154437e+04 1.180584773821478848e+02 1.245593304024881576e+01 1.175882751977550953e+02 1.922056634432736086e+06 1.380573785147316987e+06 5.197854169445712103e+01
 2.844757554224396134e+00 1.864885776484916449e-02 5.558850151138408364e+03 3.834457396689194866e+03 2.778944749353941006e+02 3.068382530879981918e+00 6.977794646101967373e+04 3.091522539046717793e+04 1.373431464801090442e+04 2.805710567263080065e+03 1.388625673832411121e+04 2.325975861840227935e+03 1.161866669583186740e+04 1.822266740776811639e+04 1.180208835978725119e+02 1.273648799773827101e+01 1.175534700810377586e+02 2.152998478890159633e+06 1.589930481240941212e+06 5.194644760080569768e+01
 2.668570036763601383e+00 1.737736562764263804e-02 5.769416552363045412e+03 3.947555021273686634e+03 2.983506871425247482e+02 3.330505657002824638e+00 7.245225492816901533e+04 3.325981967700945097e+04 1.405905236939413226e+04 3.424431630545738244e+03 1.379490712992440604e+04 2.883114243787644227e+03 1.182035325030278727e+04 1.826488784002203829e+04 1.180209442709277567e+02 1.253067448971479969e+01 1.175827915366332803e+02 2.656347300344656687e+06 1.909557200801314786e+06 5.195151494380615276e+01
 2.651885876428874411e+00 1.778734069619239758e-02 5.634293901961328629e+03 3.870692557561365902e+03 2.817247674626593721e+02 3.122400870472648471e+00 6.915091539503290551e+04 3.003713426766601697e+04 1.358804402800707794e+04 3.060995491609057808e+03 1.458047311889386765e+04 2.577780594288505199e+03 1.198048801391876805e+04 1.855801130803517299e+04 1.180466376336954966e+02 1.275946853001742021e+01 1.173905185973845278e+02 2.378048121986804064e+06 1.731564512910129037e+06 5.174027634789617736e+01
 3.072501610001277417e+00 1.419634216263918405e-02 4.831798763282283289e+03 3.315101664591298686e+03 2.741700358552648709e+02 2.736281189667073122e+00 6.037166446618048940e+04 2.426796939978051159e+04 1.071324018159605839e+04 2.515805789698777517e+03 1.229645861425627663e+04 2.132346623900553823e+03 1.081126280647709245e+04 1.809092239657048776e+04 1.180178115961157204e+02 1.260402134019155440e+01 1.175580689265305523e+02 1.979678827328467509e+06 1.435186112219524570e+06 5.231785761268795198e+01
 1.939239654389717682e+00 1.667319579338625429e-02 5.817679185012443668e+03 3.995228708297805952e+03 2.773661446311396048e+02 3.207179650562761886e+00 6.694645457125196117e+04 4.113812428599035047e+04 1.405134422107372484e+04 3.263454720737716798e+03 1.368951516128644107e+04 2.566738490290676509e+03 1.192540383961719635e+04 1.835932251985267430e+04 1.180693891454450579e+02 1.278124256428069572e+01 1.175299300621697824e+02 2.400048758059899788e+06 1.734376721938564675e+06 5.114809976219685694e+01
 2.284948647585011816e+00 1.530050354814520806e-02 4.851756389144247805e+03 3.361321915038253337e+03 2.435394338195922330e+02 3.038224688167035392e+00 5.728925306120009918e+04 2.897024630559010984e+04 1.141049969628632425e+04 2.930787057067780552e+03 1.139207025166764470e+04 2.457367284106950137e+03 1.056847266036635301e+04 1.778914333605597494e+04 1.180317844865950718e+02 1.267927075605419240e+01 1.176234577539362505e+02 2.278246084995204117e+06 1.668668769101329846e+06 5.140263966541418483e+01
 2.772647133534393848e+00 2.149392535944945684e-02 5.402089937860539976e+03 3.743539800696358725e+03 2.756596481297357855e+02 2.946350462661833536e+00 6.558825576290729805e+04 3.065685262432324453e+04 1.125162826390333794e+04 3.039950648684236057e+03 1.156986936252901432e+04 2.702805499547686395e+03 1.043087827308033957e+04 1.788952989089659604e+04 1.178421212391026387e+02 1.244741803705299077e+01 1.173450553048899963e+02 2.526743076630720869e+06 1.850688275475528091e+06 5.162832925607431633e+01
 2.661371499374282745e+00 1.983809604453837250e-02 5.591472227637125798e+03 3.865339596961652205e+03 2.692347548273876328e+02 3.319513080162102892e+00 7.432443901166689466e+04 3.301716243508493062e+04 1.397882646561834554e+04 3.174161002675323743e+03 1.403241898079263956e+04 2.651562282686578328e+03 1.159170289848862194e+04 1.779017877985666200e+04 1.180108008184037232e+02 1.264453555201407475e+01 1.174489164908032564e+02 2.445325309308650438e+06 1.792723003360449802e+06 5.143736455035688238e+01
 2.232460439965977539e+00 1.637414866410825953e-02 5.365941005302911435e+03 3.693979166951669413e+03 2.594775505424580047e+02 3.043551110717756636e+00 5.982469712719448580e+04 2.707480215661669718e+04 1.155840390026189198e+04 2.796197753976084641e+03 1.313259601162869876e+04 2.459368378393101921e+03 1.049211956809263393e+04 1.823358179715315418e+04 1.180053386343027313e+02 1.271053591690263396e+01 1.175676799095173095e+02 2.271445555908712093e+06 1.647415460236032493e+06 5.147630542596114367e+01
 2.437745577836923694e+00 2.112730695643828815e-02 6.543590445369885856e+03 4.508569772124051269e+03 3.017402674142713863e+02 3.418254426781369038e+00 8.425208697307152033e+04 4.280947737637952378e+04 1.481024663610728203e+04 3.509110853654164657e+03 1.662687756804388118e+04 2.788728728144842535e+03 1.259829018921092757e+04 1.893837542489098996e+04 1.181176975926585584e+02 1.258932811548367603e+01 1.174057477082396872e+02 2.550691442672174424e+06 1.840848262026697397e+06 5.141482434217459740e+01
 2.847490615580958728e+00 2.183903686937421415e-02 6.475317908762782281e+03 4.474240328265127573e+03 2.834530360441567609e+02 3.327424050370643815e+00 6.957263111955644854e+04 3.783710029340889014e+04 1.492869703561000642e+04 3.551588789436857041e+03 1.568411741092622105e+04 2.951225528317867884e+03 1.232889924054514995e+04 1.875594839942538601e+04 1.179410355352448647e+02 1.260971693779559111e+01 1.174472349779566969e+02 2.688678284509022254e+06 1.960561417634822894e+06 5.107234643958722842e+01
 2.079356651282891377e+00 1.505101590938577073e-02 5.171254484048357881e+03 3.562183064347103027e+03 2.402945884164829522e+02 3.102956431572417628e+00 6.441117607052437961e+04 3.328495455010174919e+04 1.341286591683440929e+04 3.049523184414840216e+03 1.256576842626336111e+04 2.471962307420409616e+03 1.073205758641931243e+04 1.829977191866688008e+04 1.180053415030752575e+02 1.254534010826773560e+01 1.175945882378794494e+02 2.299707262856620364e+06 1.666931347785052378e+06 5.117468555882878434e+01
 2.355897354142436395e+00 2.091941377857800544e-02 6.357851154597528875e+03 4.364686407099733515e+03 2.663393386739518860e+02 3.411891310193429394e+00 7.139404499300633324e+04 3.557516448295360897e+04 1.474394694841517230e+04 3.238228012903802664e+03 1.508555413469357882e+04 2.725812084174362099e+03 1.241561097433152463e+04 1.902039764552360793e+04 1.179698998172367084e+02 1.282588839969327488e+01 1.175755000845126830e+02 2.513522025811103638e+06 1.848816365154761821e+06 5.109936242855120270e+01
 2.162288096334440635e+00 2.178561919779258699e-02 6.886364498568756062e+03 4.719277250797857050e+03 2.963759101792941237e+02 3.762110757743510892e+00 7.666588130898703821e+04 4.275828620663153561e+04 1.507882711786079017e+04 3.735348739480623863e+03 1.483631893116612264e+04 3.120012378325846839e+03 1.231313295796052626e+04 1.847248943390455679e+04 1.180661195283010301e+02 1.263935930014609532e+01 1.174787859837929034e+02 2.883746507969756145e+06 2.093083383190565044e+06 5.105176230997979303e+01
 2.301380892523334332e+00 1.980638490747542446e-02 6.527201238587679654e+03 4.488676191576862038e+03 2.791497641173629063e+02 3.530849886258330184e+00 7.321253613338952709e+04 3.568589731756754190e+04 1.489147389493141236e+04 3.400042623896845726e+03 1.628057844027666579e+04 2.894971113046390201e+03 1.263678321589414736e+04 1.906309920935573973e+04 1.181252806523223171e+02 1.283306944900053637e+01 1.173141914878374052e+02 2.657788000651482493e+06 1.929774563477267278e+06 5.087446396629899681e+01
 2.488760480882535653e+00 1.761182486504244554e-02 5.738758634513766992e+03 3.957810592873885525e+03 2.547070139483942057e+02 3.115362964080850006e+00 6.318697829777478182e+04 2.631094264788107830e+04 1.176070564124461271e+04 2.759428052663819926e+03 1.379597612008636315e+04 2.362090244443958909e+03 1.131729226778315933e+04 1.854085191340389065e+04 1.180152501517294326e+02 1.260808420510968020e+01 1.175644275659574731e+02 2.188713802240003366e+06 1.614156559283993905e+06 5.135842577821875921e+01
 1.780503972179375394e+00 1.936703787347373099e-02 6.901999142725779166e+03 4.727928006584695140e+03 2.836926047911841806e+02 3.641099617709174119e+00 7.270637851305028016e+04 3.963072099986830290e+04 1.536527232543461105e+04 3.581217113686938774e+03 1.468990027879971058e+04 2.972054155435457233e+03 1.295433759629155065e+04 1.858359252164217833e+04 1.179896602245256929e+02 1.289348981136356720e+01 1.175695222020491855e+02 2.723856481690015178e+06 1.980942527411195217e+06 5.044963529844408612e+01
 2.093672520413360605e+00 1.728659445960470040e-02 5.717783097063766036e+03 3.963618133582649534e+03 2.427960384787861017e+02 3.434622649729190957e+00 6.118307113616455899e+04 3.169791362206688427e+04 1.263313212228617886e+04 3.178287513381132158e+03 1.280652617179252411e+04 2.660710547112349104e+03 1.152782388043362516e+04 1.826752535970212193e+04 1.180569734603077450e+02 1.277104898312766146e+01 1.175627730383644973e+02 2.438421843256877735e+06 1.801908856410613749e+06 5.062612815096217389e+01
 2.348304241696768546e+00 2.477013856499979058e-02 6.239199352264959998e+03 4.302602286843250113e+03 2.641291140657411916e+02 3.329587361321153516e+00 6.623695274307994987e+04 3.696488814419742266e+04 1.201864320929661881e+04 3.445905010413756372e+03 1.286772073865337006e+04 3.095500377190464860e+03 1.109702807450360524e+04 1.835640154138503203e+04 1.177875084461983164e+02 1.252084430866878861e+01 1.173124931543110847e+02 2.859328369548541028e+06 2.100004758201170713e+06 5.084184625423266368e+01
 2.449660607976025695e+00 2.338339714929194360e-02 6.688815547494598832e+03 4.656905284537177067e+03 2.714886521823999033e+02 3.648258829783914248e+00 7.822811952583596576e+04 4.142918405048506975e+04 1.521756102224830101e+04 3.616851084428544709e+03 1.550670555382806924e+04 2.967474401344883972e+03 1.227232000842771049e+04 1.879236449697507123e+04 1.179768691566206940e+02 1.270025128326906838e+01 1.174330283231135041e+02 2.729689169138770550e+06 2.008012914994277060e+06 5.068709279317383931e+01
 2.034605559691448295e+00 1.949938118423579989e-02 6.322410173242665223e+03 4.370661940542516277e+03 2.618885873550985366e+02 3.440735087694617444e+00 6.320228325308884814e+04 3.077114234011564258e+04 1.259674420482795904e+04 3.087655492874705487e+03 1.487644772668313090e+04 2.648036714857955303e+03 1.136557155316390163e+04 1.888774865387039972e+04 1.179726245566787668e+02 1.279476223660519629e+01 1.174766502824513168e+02 2.476180252081062645e+06 1.806835198543803301e+06 5.074527901231568450e+01
 2.281958487745604280e+00 2.578622654498471597e-02 7.538549796139234786e+03 5.195898401213683428e+03 3.036230263217098582e+02 3.833819492693941289e+00 9.026484244875270815e+04 4.894867620137351332e+04 1.626343413880272419e+04 3.797541450923426055e+03 1.800989756961939202e+04 2.999815072709347078e+03 1.364536618752282266e+04 1.963934708996030895e+04 1.179865328948543777e+02 1.273596528743168044e+01 1.173256615610096532e+02 2.755119213433397003e+06 2.032027640832464444e+06 5.063782048872865005e+01
 2.476969338338418591e+00 2.367613803485884433e-02 7.447139294956249614e+03 5.149153757448775650e+03 2.828811661973824698e+02 3.702060954771541290e+00 7.359304274799463747e+04 4.354745785250279732e+04 1.613998208363502636e+04 3.906988519844404436e+03 1.725523400386729554e+04 3.193769061422508457e+03 1.315540739623762238e+04 1.913878395443374757e+04 1.179422039714417423e+02 1.272656604189855756e+01 1.173632261764546882e+02 2.907923715860671364e+06 2.130487346721691079e+06 5.040955426468735112e+01
 1.985315733005233341e+00 1.870471915403172994e-02 6.315662816810446202e+03 4.336617597218425544e+03 2.540007673964705930e+02 3.520367998232336149e+00 6.984879660334410437e+04 4.234660455840542272e+04 1.470700398320139902e+04 3.485177518878203045e+03 1.398942196812124348e+04 2.824184780354833947e+03 1.176304995591218903e+04 1.859558927928211779e+04 1.179872205284111004e+02 1.267576486611655540e+01 1.176126189958800694e+02 2.593066241309300065e+06 1.896634659528984921e+06 5.045654044395179483e+01
 2.150137612178931512e+00 2.462815850556088204e-02 7.414538012419094230e+03 5.134933157244339782e+03 2.728091508410967094e+02 3.795306334124899372e+00 7.410382199665476219e+04 3.996082253467649571e+04 1.535593183933905675e+04 3.609307183491450360e+03 1.571257923590008613e+04 3.072464766149058505e+03 1.301037974399928135e+04 1.961829965849739165e+04 1.179890762650448295e+02 1.285470745367307721e+01 1.175287081542654022e+02 2.822459035658659413e+06 2.087524392443832476e+06 5.041401404170832024e+01
 1.938665450929383249e+00 2.506527488268563489e-02 7.745721075053957975e+03 5.316068549463138879e+03 2.916298450212203761e+02 4.159430754607329028e+00 8.124484643267643696e+04 4.419601280675778980e+04 1.652818799040474551e+04 4.046735172699727173e+03 1.624783989113338430e+04 3.354042564887749904e+03 1.318701808886867184e+04 1.940189958674408626e+04 1.179827003294294343e+02 1.274216246368954941e+01 1.174639837128684832e+02 3.098796780683759600e+06 2.282352364187650383e+06 5.042192826435553599e+01
 2.204302897357133695e+00 2.292871115721784384e-02 7.535647873367272041e+03 5.180844624800645761e+03 2.833077866881932323e+02 3.965462166064839700e+00 7.737340066688621300e+04 4.298503122794863884e+04 1.623644622877721486e+04 3.708704490613106827e+03 1.800160980893022133e+04 3.133388973471413465e+03 1.377302050522684658e+04 1.974358320255031140e+04 1.180258974902618121e+02 1.291581530588569926e+01 1.172375645151515897e+02 2.891009258692194242e+06 2.119004211966434028e+06 5.024850667272069416e+01
 2.369826769511510278e+00 2.080469856126600237e-02 6.902600784046830995e+03 4.763701023224100027e+03 2.612879607865751836e+02 3.515620954157927081e+00 6.748056389912185841e+04 3.075862139711864438e+04 1.333290260087654679e+04 3.143761022861956008e+03 1.558003600196173102e+04 2.633232571642731273e+03 1.229140814453993517e+04 1.937070844207087794e+04 1.181040281432749737e+02 1.271467093135301951e+01 1.174829113808788321e+02 2.423848098225547932e+06 1.787283606936238240e+06 5.068454407212762192e+01
 1.749854006737746603e+00 2.245714646168739045e-02 8.001272247091814279e+03 5.486597562735021711e+03 2.923748490343272692e+02 4.101720913507183930e+00 7.771085549096886825e+04 4.442910621783791430e+04 1.660682993349689787e+04 3.973610494678471696e+03 1.605746608504339747e+04 3.304451018082078008e+03 1.422905869744811571e+04 1.892280794059420077e+04 1.179436999156139052e+02 1.301950254016854025e+01 1.175046593571830016e+02 3.004120393833361566e+06 2.212055829276378267e+06 4.986174267634551427e+01
 2.138956328025689579e+00 2.372970086470222936e-02 6.553424452986292636e+03 4.542936858286847382e+03 2.440765233788194450e+02 3.806656832283062730e+00 6.462807910028956394e+04 3.517580009304491978e+04 1.361257854092253729e+04 3.521428790251474766e+03 1.404418125279181004e+04 2.931737509856405268e+03 1.261049278535481244e+04 1.871921622056594424e+04 1.180112304073052201e+02 1.291677363118278876e+01 1.172821121565459634e+02 2.699906379091680516e+06 1.997684674670327222e+06 4.998720647081155022e+01
 2.166120680205877669e+00 2.796608656850476868e-02 7.330533694079987981e+03 5.050883182276405023e+03 2.697288447313358688e+02 3.718989198656098782e+00 7.007492965430824552e+04 4.242599157391828339e+04 1.349790441667877894e+04 3.826290783485608245e+03 1.451764084280195311e+04 3.403232489860794431e+03 1.205619746297995698e+04 1.871870065784527469e+04 1.178466855575553751e+02 1.261640112865906538e+01 1.172485630693625751e+02 3.139742563370896038e+06 2.307855342793263495e+06 5.024877305661171789e+01
 2.264181784411932519e+00 2.656804284308867531e-02 7.963980398755328679e+03 5.519542928772206324e+03 2.857818711778049874e+02 3.994700164465643688e+00 8.265061528677129536e+04 4.448267285028744664e+04 1.700828062598960241e+04 3.959526444531561992e+03 1.683298088748995724e+04 3.276509508011145044e+03 1.334999067254164402e+04 1.926861669648901807e+04 1.179293308042821877e+02 1.283111470070185334e+01 1.174222120110141390e+02 3.020346726242046338e+06 2.235931491465748288e+06 5.014617067107059256e+01
 1.892910270090164992e+00 2.491235546909517651e-02 7.133347856366165615e+03 4.928374961133640682e+03 2.593908330507466076e+02 3.874019171790137328e+00 6.661968234185567417e+04 3.464680728794490278e+04 1.415597750488259771e+04 3.271947266347130608e+03 1.639751448429807351e+04 2.864802003811420491e+03 1.267292582070397475e+04 1.934039120349290170e+04 1.179184762383320333e+02 1.292330285363730802e+01 1.173587992007111040e+02 2.654878898491220549e+06 1.934195618834502762e+06 5.010286835724286192e+01
 2.240338747148052256e+00 3.014297924136066786e-02 8.700765735393941213e+03 5.989112657135245172e+03 3.148225013215437684e+02 4.283854131879348159e+00 9.528882227021513972e+04 5.265285435077814327e+04 1.769977425592919826e+04 4.097196036039819774e+03 1.928152934500559422e+04 3.141110910843963211e+03 1.467448025963503096e+04 2.032617816051630143e+04 1.179268995707456043e+02 1.291458346915399780e+01 1.172193969151917941e+02 2.900286369266911410e+06 2.172353020920482464e+06 5.007769790760911377e+01
 2.408129564640732134e+00 2.775252742652988339e-02 8.543313527899821565e+03 5.886262948407800650e+03 2.941141289815341793e+02 4.093749109218931537e+00 7.663535160818716395e+04 4.971145984915326699e+04 1.749174493685402194e+04 4.226229891977373882e+03 1.870791342633091335e+04 3.506822494208498028e+03 1.426914885542147385e+04 1.992246181586082457e+04 1.178983646917836268e+02 1.285887472614499316e+01 1.172258673434696448e+02 3.191352170187984128e+06 2.335535941125839949e+06 4.988088710922505697e+01
 1.952563739951874711e+00 2.236964923990089268e-02 7.450605229144939585e+03 5.121383281151126539e+03 2.678515002015756750e+02 3.942681229499718221e+00 7.468567496157741698e+04 4.949159184273355640e+04 1.620372686489216176e+04 3.869365734085350596e+03 1.560827552632003244e+04 3.095224964363244453e+03 1.288366820775712767e+04 1.922585166305799794e+04 1.180056727628609679e+02 1.280689462102552945e+01 1.175788849587562908e+02 2.858917957145377528e+06 2.104123703033617232e+06 4.991434372449811718e+01
 2.037639983566122304e+00 2.848254708370726723e-02 8.415690474208886371e+03 5.841648292416236472e+03 2.819291785263208681e+02 4.125057360640645321e+00 7.698537601151142735e+04 4.491653856304148212e+04 1.601243249145429581e+04 3.955868204334844904e+03 1.667725656662422989e+04 3.362062296069865170e+03 1.369752929950526413e+04 1.999267971310644498e+04 1.179586749097248770e+02 1.296729047062799189e+01 1.174685835968179362e+02 3.071135431191168725e+06 2.285934235445299186e+06 4.986091115284601472e+01
 1.862670014989555867e+00 2.792231350451646402e-02 8.731108629725113133e+03 6.011992560235534256e+03 2.966635910485206864e+02 4.560176685109753159e+00 8.470832168486190494e+04 4.952527101997296268e+04 1.784962429063890522e+04 4.419039977342313250e+03 1.727177423998240192e+04 3.686388238935093796e+03 1.412024700528393259e+04 1.979613347650561991e+04 1.179546256720987856e+02 1.284529226256761447e+01 1.173999911612394413e+02 3.403454838941749185e+06 2.504372934723741841e+06 4.991355220429400674e+01
 2.158850120725448019e+00 2.772180131752888591e-02 8.706154149205616704e+03 5.968458568348295557e+03 2.957109447709584629e+02 4.402427042265431467e+00 8.169291661196043424e+04 5.086347309281387425e+04 1.795041260047388641e+04 4.003008943251418714e+03 1.952075499843169746e+04 3.342561477570284751e+03 1.477834667471583271e+04 1.988414853687416326e+04 1.180343842953196685e+02 1.305733109918249646e+01 1.171489808567577882e+02 3.070487588393605314e+06 2.258632008227102924e+06 4.978042012699177832e+01
 2.287430916826108884e+00 2.532006161700290497e-02 7.904102915969588139e+03 5.470850600310644040e+03 2.636539270875637158e+02 3.909785967833963038e+00 7.066761573087741272e+04 3.668313262837922957e+04 1.469965915934095756e+04 3.410978524131215636e+03 1.669593685215993173e+04 2.914126733452596000e+03 1.306015230533227259e+04 1.966316169206205086e+04 1.179097418122104699e+02 1.288233651806611491e+01 1.173540339773760195e+02 2.671808147902960423e+06 1.987548839576816885e+06 5.010140727458756515e+01
 1.742469840844090845e+00 2.648541563651450950e-02 9.275879024632811706e+03 6.367641123192916893e+03 3.059024980933860434e+02 4.551147327425986155e+00 8.050225270913135319e+04 4.661095206023567880e+04 1.776667969460126915e+04 4.223878857740787680e+03 1.726604589874520752e+04 3.464564648226414647e+03 1.522191312314895913e+04 1.957124390348129600e+04 1.179042408473893602e+02 1.310151943243879025e+01 1.173814855909946999e+02 3.133017470691083930e+06 2.320018008042952046e+06 4.943816162596762354e+01
 2.104899810996096576e+00 2.615260577384996218e-02 7.462188714751993757e+03 5.184986827197944876e+03 2.511317265738104254e+02 4.160350130583717387e+00 6.831835318385598657e+04 3.964269209383909765e+04 1.492727864007514654e+04 3.841711688793699068e+03 1.526178504939167215e+04 3.137176308802398580e+03 1.344001289212566735e+04 1.917088847398642611e+04 1.180152002206512094e+02 1.301068739932112805e+01 1.172114884560873378e+02 2.889048785201225430e+06 2.154615405106081627e+06 4.950878766301662637e+01
 2.098683430885110113e+00 3.075745638143691923e-02 8.290755145165609065e+03 5.739299080217861047e+03 2.740556196084237968e+02 4.074786436951542079e+00 7.404769595815219509e+04 4.408175500718045805e+04 1.473693861660125185e+04 4.117157934320081949e+03 1.553391879516475456e+04 3.660245129587610791e+03 1.289395647477714556e+04 1.909844517945767802e+04 1.179430422062873163e+02 1.276065854723425375e+01 1.172383709357131352e+02 3.381123256466971710e+06 2.483907630514197983e+06 4.977318483416629391e+01
 2.192020861153709976e+00 2.974663627529476259e-02 9.148834740542110012e+03 6.339853393452192904e+03 2.972442090145841576e+02 4.349801148281346563e+00 8.549069808804712375e+04 5.078702738427330769e+04 1.840942460725595447e+04 4.345261728814195521e+03 1.776689919086608279e+04 3.601458652137244371e+03 1.425723130590406981e+04 1.940843275508454826e+04 1.179175546846429938e+02 1.296703095872002542e+01 1.173091762101273900e+02 3.291791468915320002e+06 2.448859526038167998e+06 4.967970226064033312e+01
 1.849428060406724805e+00 2.793737434979200532e-02 8.283518342988078075e+03 5.707159081532214259e+03 2.710493256312250310e+02 4.272709729474168050e+00 7.000253391763319087e+04 3.952916199559294910e+04 1.516378467158040439e+04 3.536547280089861488e+03 1.751662670529802199e+04 3.036465283436864866e+03 1.384594354816148189e+04 1.961768779135462682e+04 1.179118900305258961e+02 1.305687518467966868e+01 1.172400497930546095e+02 2.807929533735042438e+06 2.069555600427575875e+06 4.957954411203358092e+01
 2.233292448648317219e+00 3.429766953277849084e-02 9.976690803649295049e+03 6.888836978589008140e+03 3.211263821388399720e+02 4.702507103080080242e+00 9.856620723685894336e+04 6.058205614960101957e+04 1.868313088435828467e+04 4.485575062208824420e+03 2.023514959915417057e+04 3.431449609595020320e+03 1.538087309052141245e+04 2.059558511991363048e+04 1.179222594661734860e+02 1.302857756379023257e+01 1.171797069411211254e+02 3.157480770656940062e+06 2.361687115849170834e+06 4.967409924260091003e+01
 2.369412471669599896e+00 3.056823329484746957e-02 9.677842364454516428e+03 6.670917787987149495e+03 3.053102349387124832e+02 4.518100380334576727e+00 7.881400367945792095e+04 5.606398285347229103e+04 1.852217401216751387e+04 4.470923748295539554e+03 1.960083317250182154e+04 3.643614210282732074e+03 1.507380801668591448e+04 2.050917472238188566e+04 1.178622923437572183e+02 1.295317004369140257e+01 1.171251571867121584e+02 3.340411711481726263e+06 2.449896347668411210e+06 4.939796427360553110e+01
 1.938659856158009287e+00 2.656317411833597486e-02 8.733471651703195676e+03 5.982905631597880529e+03 2.857943020631415720e+02 4.366439555314147292e+00 8.049944312953209737e+04 5.597310204766355309e+04 1.777903619073192749e+04 4.229008505886196872e+03 1.717092431786152883e+04 3.327741383441702510e+03 1.406174379249539197e+04 1.968337262226406528e+04 1.179624831529404076e+02 1.293240348338755297e+01 1.175322870234921169e+02 3.031748974240475800e+06 2.248148158720348030e+06 4.955035199195297224e+01
 1.999286879599268874e+00 3.217036065028070629e-02 9.437862833054627117e+03 6.575435550722710104e+03 2.915002530325134558e+02 4.474950199458194611e+00 7.973465435849869391e+04 5.002730811795931368e+04 1.680845330647949595e+04 4.336185833736870336e+03 1.774842034667790358e+04 3.683973307815066619e+03 1.444780464708830186e+04 2.032780441782511480e+04 1.179544174104304943e+02 1.306037162562635601e+01 1.174140240031791080e+02 3.390568587133717723e+06 2.514481916783360764e+06 4.943406147648599358e+01
 1.832996011976847583e+00 3.110894371120587892e-02 9.871840973120531999e+03 6.800070464182782416e+03 3.097258030390088379e+02 4.959392310426558481e+00 8.850917819510000118e+04 5.383174895289497363e+04 1.911750655503499001e+04 4.807203934211475826e+03 1.815549460304905369e+04 4.024390567932447084e+03 1.505785613044486854e+04 2.005750317066299249e+04 1.179536262647986007e+02 1.294689023108180059e+01 1.173173875165331879e+02 3.706000355472564232e+06 2.710543837597100530e+06 4.949668278785966891e+01
 2.099798980558212236e+00 3.192477939964079997e-02 9.878278384502686094e+03 6.781669065567341022e+03 3.059231252039107858e+02 4.878466575487860446e+00 8.582833249413150770e+04 5.771948303084747749e+04 1.942069456570564580e+04 4.358975165765229576e+03 2.074682708507971984e+04 3.642071098781803357e+03 1.580585539511479692e+04 2.000982072126443745e+04 1.180212519408613900e+02 1.313632238328508528e+01 1.170831025771515073e+02 3.342104166017214302e+06 2.476108227697398514e+06 4.939497274185412579e+01
 2.190685221794997251e+00 2.765433982106398417e-02 9.027831197540679568e+03 6.264660608867866358e+03 2.810695637928241695e+02 4.346367961431461424e+00 7.481101638051407645e+04 4.141274718260068767e+04 1.614692682033716665e+04 3.697573779765500603e+03 1.791007707014634434e+04 3.132515124272804314e+03 1.390214709440556362e+04 2.005464618256759059e+04 1.179293893670849513e+02 1.303725578729811829e+01 1.172681616435735492e+02 2.873035197284771595e+06 2.155320425757358316e+06 4.965971060857206254e+01
 1.710207916447025633e+00 3.177548611951635377e-02 1.062713878611006839e+04 7.318428353040955699e+03 3.206183313116766840e+02 5.019660052388714711e+00 8.855571874033779022e+04 5.290260505886076862e+04 1.933702355551196160e+04 4.531830543707527795e+03 1.842843918358505471e+04 3.727558875553177586e+03 1.617152010116444762e+04 1.973025633481182012e+04 1.178596866087057151e+02 1.320164991878481686e+01 1.170982310093663870e+02 3.413765144712666515e+06 2.536505883991651237e+06 4.908597296035219415e+01
 2.072102604096927259e+00 2.924990415551042763e-02 8.628522059540789996e+03 5.998907083077323477e+03 2.639406524107191672e+02 4.546015672762133697e+00 7.221631638990198553e+04 4.729290189698513132e+04 1.629839987995062074e+04 4.099560479132569526e+03 1.659887778727375189e+04 3.380906656332671446e+03 1.429097501496151017e+04 1.948215126639194204e+04 1.180189564521350292e+02 1.313556668517732007e+01 1.172123899474565292e+02 3.107024658740592189e+06 2.323581550631314050e+06 4.920845790851740986e+01
 1.942884964517900048e+00 3.357121844273565359e-02 9.463812680527582415e+03 6.536783213800963495e+03 2.858963461424381762e+02 4.476608234099294314e+00 7.936412708785181167e+04 4.735019160126545466e+04 1.613161893349704951e+04 4.355227101718524864e+03 1.699290513658346390e+04 3.867304532721370379e+03 1.399867512032357081e+04 1.962641385289008758e+04 1.178838113911053966e+02 1.287318786880210730e+01 1.171347845270071986e+02 3.562673630509775132e+06 2.635885061357210856e+06 4.941128302840652964e+01
 2.092995985558433691e+00 3.373048253892987902e-02 1.042685055430881766e+04 7.260741232101644528e+03 3.134092317253715123e+02 4.782317380293782172e+00 8.977313035490388575e+04 5.282551382133524748e+04 1.955323469209048199e+04 4.619269521123436789e+03 1.905363519107725006e+04 3.762871638977736893e+03 1.535325014350021593e+04 1.965445248232199447e+04 1.178949783899220023e+02 1.305690704784451839e+01 1.172257372658878012e+02 3.439712188193715643e+06 2.580540832634790801e+06 4.933927308058343186e+01
 1.820284279936841720e+00 3.064843035245014280e-02 9.473615184093991047e+03 6.549491881551427468e+03 2.864693685811192267e+02 4.698601001470055216e+00 7.341342676755643333e+04 4.536471774500882020e+04 1.654011070974392351e+04 3.940681469111251317e+03 1.861625718483546007e+04 3.430061134915903494e+03 1.495574630658929709e+04 2.013057317909296034e+04 1.179382976983962692e+02 1.314909026136228043e+01 1.172055060736105219e+02 3.180716038598339073e+06 2.325737972680286039e+06 4.927330289384798334e+01
 2.216232061030036338e+00 3.821168998326374827e-02 1.135714100643107486e+04 7.833505442107966701e+03 3.340530946942845958e+02 5.153692283001172214e+00 1.029312357977519569e+05 6.736445703668556234e+04 1.988358119567117683e+04 4.935812730759937949e+03 2.140569344950078084e+04 3.719520897772202716e+03 1.612953413400633872e+04 2.100997261588727633e+04 1.178292707051405586e+02 1.313513412668605262e+01 1.171330995788186158e+02 3.422881804758288432e+06 2.572268193055171520e+06 4.931604942056146967e+01
 2.352235074106847179e+00 3.403366052287364052e-02 1.091122450948491314e+04 7.472132961954510392e+03 3.120161110905121973e+02 4.982073275137044455e+00 8.484575640413275687e+04 6.454882283365955664e+04 1.977391355160089006e+04 4.784789821617241614e+03 2.037641027542729717e+04 3.891876768268856267e+03 1.603897833203285518e+04 2.107905137343749448e+04 1.178073575452907562e+02 1.306210399138831768e+01 1.169612347301868596e+02 3.599741041867266409e+06 2.603900606908783317e+06 4.909291283208172274e+01
 1.805508294692964366e+00 2.901640226896540220e-02 9.845963155899657067e+03 6.777454106078594123e+03 2.891171158404235939e+02 4.791473770198052762e+00 8.487071931326256890e+04 6.238373611780078500e+04 1.899230915441253819e+04 4.471372985695566967e+03 1.842310459300575894e+04 3.523180994693169851e+03 1.526420356071669084e+04 1.977285573694260893e+04 1.179793185343206972e+02 1.307304690763315946e+01 1.175398155142466123e+02 3.196226703120210674e+06 2.380655227154885884e+06 4.920090060467013870e+01
 1.939335233677092152e+00 3.560777019444280600e-02 1.062057267731972024e+04 7.428858694678795473e+03 3.053892016518172454e+02 4.874634310356794842e+00 8.435118672485608840e+04 6.067899739143706392e+04 1.800426091819810972e+04 4.647709541872470254e+03 1.825320622547821404e+04 3.832940655091425924e+03 1.557625691510576871e+04 2.028185070637700846e+04 1.180589124751591044e+02 1.319808162254240003e+01 1.172889108988889291e+02 3.520058326970516704e+06 2.632693848965269979e+06 4.914439412361200255e+01
 1.703953727764086157e+00 3.480611485243324116e-02 1.086091937033140675e+04 7.509855452331482411e+03 3.160857683289063402e+02 5.390070751987205533e+00 9.111304072344924498e+04 5.822488552397400781e+04 2.011062584237095507e+04 5.014960022066914462e+03 1.861743568918453457e+04 4.239771996484350893e+03 1.584844240354863723e+04 1.994903662361039460e+04 1.179617770946971973e+02 1.307266300585287766e+01 1.172400944385057784e+02 3.875520589004334062e+06 2.851650764304315206e+06 4.920288597754065307e+01
 1.966574757154893272e+00 3.550204696145703442e-02 1.108150368340147907e+04 7.626056361373993241e+03 3.108403841076364529e+02 5.354654855278275782e+00 8.931152931447201991e+04 6.112297250994556816e+04 2.042377956409953549e+04 4.664273325243773797e+03 2.187207447535090978e+04 3.717001874567316918e+03 1.677169638517158819e+04 2.030614961341481103e+04 1.179535957460366689e+02 1.322982034724228484e+01 1.170570794861472876e+02 3.431206841053012293e+06 2.557862192043390591e+06 4.910324843042687348e+01
 2.080313299110186698e+00 3.022879883653174782e-02 1.039203247016865862e+04 7.224855790917341437e+03 2.934554094648304385e+02 4.778532015387842335e+00 7.710168395685167343e+04 4.391696764422897104e+04 1.718147121363304177e+04 3.929699273716924836e+03 1.927562215732142067e+04 3.277640189419918443e+03 1.487384870567475446e+04 2.003182908255994334e+04 1.181010892178425138e+02 1.311161648954754000e+01 1.172621011942460569e+02 3.008300243718962185e+06 2.263688496303266846e+06 4.933933186302606799e+01
 1.527764858835655826e+00 3.663524866776699668e-02 1.240703965669665013e+04 8.591210508118820144e+03 3.399061708322575441e+02 5.487935473534830244e+00 9.263643716357929225e+04 6.010737027857299836e+04 2.060498070285717768e+04 4.775700433504066496e+03 1.973073358632275631e+04 3.849584832086533424e+03 1.715510419558498324e+04 1.977389513835515390e+04 1.179002286840282494e+02 1.332598054608168248e+01 1.170952090502292293e+02 3.506938914426179137e+06 2.640396055582010653e+06 4.887392181260074864e+01
 1.949921375539142465e+00 3.207042996384427275e-02 9.824335868815487629e+03 6.831195087894938297e+03 2.751864840228102480e+02 4.918049034332161007e+00 7.623088812563217652e+04 5.286290801546785224e+04 1.757932490267860339e+04 4.282585899228832204e+03 1.780160074236096261e+04 3.424809067327599223e+03 1.519767193538996071e+04 1.972349769315327285e+04 1.180353098204930262e+02 1.331170490953126340e+01 1.172030889493185981e+02 3.138559808709519450e+06 2.357337023093364667e+06 4.898572817421318604e+01
 1.914016591611180207e+00 3.500703283523670661e-02 1.040193638854502569e+04 7.223311267118888281e+03 2.882721631849606752e+02 4.899250098864624370e+00 8.211247640239939210e+04 5.296475398301629320e+04 1.750195400278464513e+04 4.251485869731442108e+03 1.831482214019133244e+04 3.585102353844666595e+03 1.496705894556359453e+04 2.004552013418377464e+04 1.178756178447619476e+02 1.307277502160251714e+01 1.171129766672141699e+02 3.289275783016230911e+06 2.488521050348321442e+06 4.918044741248522911e+01
 2.049657498676896505e+00 3.702421692346469922e-02 1.209416072229614110e+04 8.447722326231325496e+03 3.342162093128500260e+02 5.185647026758267941e+00 9.645909343064443965e+04 6.603216694113267295e+04 2.072725744282868618e+04 4.597201908463579457e+03 2.064218980501774786e+04 3.729215056896129227e+03 1.670301502999284276e+04 1.999910766858964053e+04 1.179080950603408127e+02 1.324304065414194653e+01 1.172841882802456155e+02 3.410998554615097120e+06 2.575159032907361630e+06 4.914819174911583133e+01
 1.812555865195865534e+00 3.328947491954300369e-02 1.038595068775525215e+04 7.182527638347320135e+03 2.927190832962214131e+02 5.083916146221812760e+00 7.599356119934419985e+04 5.361829819268201391e+04 1.822990286320178348e+04 4.022481833298669699e+03 1.984713025934579127e+04 3.403036932676179276e+03 1.602336045919628305e+04 2.085861247208064378e+04 1.179684982006692593e+02 1.329698603855483086e+01 1.171959806834504292e+02 3.115025441406664439e+06 2.312999554363295436e+06 4.904010396781731629e+01
 2.217584426349084037e+00 4.167194905075794625e-02 1.289443529504187245e+04 8.882104014244574500e+03 3.500253786419822859e+02 5.590645791644397455e+00 1.061760366408699629e+05 7.283236254541599192e+04 2.182453972731516478e+04 4.864204151856565659e+03 2.245440431115964748e+04 3.639621558001761514e+03 1.715942685096068089e+04 2.112437414799442195e+04 1.180127213416163841e+02 1.329980339539483758e+01 1.170768380888225408e+02 3.308278716353381518e+06 2.517002030585052446e+06 4.908859708823236900e+01
 5.712679184966862334e-01 2.689307703952308060e-03 1.243446720579259818e+03 7.717435022440836292e+02 1.372397715612145248e+02 1.481562422087504771e+00 4.589001049586656154e+04 1.013307856374087169e+04 7.796543775616335552e+03 1.115744852280911118e+03 7.549005070547681498e+03 7.671786899702539131e+02 5.891805801964480452e+03 1.583847470507702019e+04 1.151836896800111987e+02 1.074844302182908429e+01 1.146354482354142732e+02 7.208282682518295478e+05 4.472966201810208149e+05 5.097903073216146907e+01
 7.349036481002986232e-01 2.095838525375435472e-03 9.100475060014863402e+02 5.619639142337716748e+02 1.111177699628943714e+02 1.407499430507432869e+00 3.183110096164913193e+04 6.954066905912277434e+03 6.315725400149627603e+03 7.630486243259874755e+02 5.828015537683156253e+03 5.967615389221036821e+02 4.540832155947187857e+03 1.567506579323842379e+04 1.152082645862276138e+02 1.068571366617378260e+01 1.146187442606135960e+02 5.609498014150068630e+05 3.485073244759443332e+05 5.111652996538811067e+01
 7.942130039367412131e-01 3.335245831933035619e-03 1.562378363450170355e+03 9.676891424292996362e+02 1.436709560059443618e+02 1.648001134216784180e+00 5.478932080132312694e+04 1.066473661593152246e+04 9.184981761310400543e+03 1.228681821537234327e+03 9.491610279933023776e+03 8.616966326436127019e+02 7.301162967088578625e+03 1.596239657334105505e+04 1.151784914164148859e+02 1.105918087753493140e+01 1.147250962052276435e+02 8.081058525254941778e+05 5.050160377158063930e+05 5.107682601873231931e+01
 8.162240399653211131e-01 2.650638396804219123e-03 1.211982647645306770e+03 7.503588802776743023e+02 1.267276720860621282e+02 1.478245939508699092e+00 5.372077175235516188e+04 9.558470945470442530e+03 7.950866733649998423e+03 8.838245738636635451e+02 8.221537986898036252e+03 5.491196595281668351e+02 6.170579403392955101e+03 1.568944889132814569e+04 1.152205821340766079e+02 1.068306639203416708e+01 1.146198624519010707e+02 5.125485835829334683e+05 3.194617384111771244e+05 5.113568946260225090e+01
 6.737052203970594899e-01 2.832967952412676540e-03 1.452521624659231748e+03 8.999635550196538816e+02 1.411179279508530442e+02 1.546452977647297944e+00 4.831352841405737854e+04 9.391861759724906733e+03 7.865606185472222933e+03 9.908543147440732355e+02 8.186772353099725478e+03 9.267427532177534886e+02 6.281911066696300622e+03 1.570895498549010335e+04 1.151462077874950864e+02 1.104024409488236103e+01 1.146249181197224090e+02 8.724311146166711114e+05 5.421554266389318509e+05 5.091566642352709238e+01
 5.685322297445356554e-01 2.247031605274095196e-03 1.006168216090348210e+03 6.244443048195635129e+02 1.108372955972796490e+02 1.265515379407463392e+00 3.979931190312973922e+04 7.979269338865361533e+03 6.098453321412735932e+03 8.953857199300043703e+02 7.442857922862815940e+03 5.836111073835098750e+02 5.397679896159890632e+03 1.573185225485231240e+04 1.151803986998177862e+02 1.069995123865066589e+01 1.146479382353200975e+02 5.467893435307025211e+05 3.398003758068846073e+05 5.118770966610706097e+01
 8.818205801362423157e-01 4.018950996576114466e-03 1.799714863693955522e+03 1.114343283832761244e+03 1.611358014544509842e+02 1.463191732528491107e+00 4.961386275110283896e+04 1.172677572393808077e+04 8.594043749284468504e+03 1.132997111409216586e+03 8.517606576304133341e+03 9.739836085848629637e+02 6.804793130328396728e+03 1.572190362145837389e+04 1.152116864619474228e+02 1.151965555050269785e+01 1.146509105495165954e+02 9.137830683284336701e+05 5.726772448428442003e+05 5.123342216119765169e+01
 9.212645236156123962e-01 3.302402303278581790e-03 1.559004251397422877e+03 9.637088099503747571e+02 1.610201449923385724e+02 1.685347513784797968e+00 4.305892428645866312e+04 9.997957508510398839e+03 7.401955697212050836e+03 1.357958917659450663e+03 6.654836697217394430e+03 1.184374011624719515e+03 6.311620571334472515e+03 1.574540427483997701e+04 1.152081921845684320e+02 1.135787423762116610e+01 1.147379219822620087e+02 1.113668883818937000e+06 6.941832518267910928e+05 5.131192503914149228e+01
 8.259903782371518233e-01 3.071532630247326631e-03 1.439242481049579737e+03 8.912315291901552428e+02 1.443509155540905056e+02 1.620790173068911821e+00 4.795261637729211361e+04 1.027360918543454318e+04 6.891259589286897608e+03 9.500216109814484753e+02 6.743299119900006190e+03 8.490575397828102950e+02 5.988360064011591930e+03 1.579991007904304388e+04 1.151937777646610499e+02 1.107198111611200098e+01 1.146688076524196447e+02 7.998084257068405859e+05 4.976910862915302278e+05 5.125504427044739941e+01
 9.608114186554539415e-01 3.748789021130858982e-03 1.747760912142909547e+03 1.085183352064343126e+03 1.633982142014028227e+02 1.782681575308127320e+00 5.205170089601386280e+04 1.139377565907498865e+04 8.611603856070374604e+03 1.204721835140176836e+03 8.896682871613840689e+03 1.201159208963799983e+03 7.095224469164392758e+03 1.571768787823264938e+04 1.152206408105903392e+02 1.128182785437785007e+01 1.146968073757018232e+02 1.131107616400382947e+06 7.068513602545179892e+05 5.147248357897029081e+01
 8.481723704777657247e-01 3.416156510076055232e-03 1.549681291412098290e+03 9.597533127953714711e+02 1.394198326670061192e+02 1.575985849223284330e+00 4.569729128348330414e+04 9.203697126822564314e+03 6.767120710020780280e+03 1.120104431817578188e+03 7.254044709300899740e+03 8.917798691849628767e+02 5.915199799093289585e+03 1.588293775680097679e+04 1.151958382489480783e+02 1.126880338916130064e+01 1.146892004183926730e+02 8.406257020523479441e+05 5.248116743267144775e+05 5.137748521700186188e+01
 9.222149850182379538e-01 4.203408952645650357e-03 2.016693535710889591e+03 1.247116675587635882e+03 1.691853166418418652e+02 1.740569318939505283e+00 6.277505305041143583e+04 1.526696013656213108e+04 9.248107220566042088e+03 1.563455858757105261e+03 1.055789914017730189e+04 1.143108629075591807e+03 7.808340333376255330e+03 1.613863877670469265e+04 1.152126255062378561e+02 1.123172554498683340e+01 1.147485728166461882e+02 1.076035819291414227e+06 6.727599865832898067e+05 5.149094038728403433e+01
 8.632565892017767251e-01 5.233775792780046010e-03 2.579666724437376160e+03 1.611380460205309191e+03 2.038538035627883858e+02 1.876543291548663062e+00 5.648707866947098228e+04 1.900511173264368335e+04 9.837732116905475777e+03 2.181455036803784424e+03 9.663732496081176578e+03 1.863197256874668938e+03 7.605891997292103042e+03 1.631011030404369376e+04 1.152255906890149078e+02 1.152773228227515467e+01 1.148797743907717148e+02 1.754066188935843529e+06 1.112308460746969795e+06 5.187706298742301669e+01
 8.921508422947798111e-01 3.915077259876826102e-03 1.795750357559454642e+03 1.117993454973482585e+03 1.594968854738921493e+02 1.685390507311465225e+00 4.235760295086521364e+04 1.175855924148097074e+04 7.793935517137284478e+03 1.428444902821647247e+03 7.192680310514299890e+03 1.244811594904495450e+03 6.032860082121056621e+03 1.594215332687212504e+04 1.152058737046719301e+02 1.146558592805293841e+01 1.148098118191097683e+02 1.169337159203847870e+06 7.392933196479796898e+05 5.197494943802570333e+01
 8.069469601196443964e-01 6.430057469422142090e-03 2.927474905501670492e+03 1.843484342154406704e+03 1.945111917179345653e+02 2.015593184016734707e+00 6.743658513357533957e+04 1.658644898664804714e+04 1.071703067153505799e+04 2.157054834060787471e+03 1.115676603700952182e+04 1.855579770217821988e+03 8.823705992052540751e+03 1.644691315601890528e+04 1.152457745214591256e+02 1.179112977469248413e+01 1.148788959021215987e+02 1.749188941484106006e+06 1.117901867147514364e+06 5.189865347396295192e+01
 8.164121016772993844e-01 5.129645944552448794e-03 2.455022921061206944e+03 1.521297618254830468e+03 1.774040401648803140e+02 1.922875706372395577e+00 6.629727340958127752e+04 1.741361937230610783e+04 9.728493111446099647e+03 1.593211720222519034e+03 9.895006397348559403e+03 1.289715727762459892e+03 7.932870151441665257e+03 1.593071473348733161e+04 1.152260985990716051e+02 1.146435073181262609e+01 1.147883161163625942e+02 1.213045752041878179e+06 7.636571187236153055e+05 5.208408775434714499e+01
 8.860318928773763814e-01 6.014225057479095048e-03 2.749082834365271992e+03 1.739951181010115988e+03 1.832549919398821601e+02 1.892827028197841432e+00 5.860431009537845966e+04 1.499472326221245567e+04 9.440244768869182735e+03 2.023011729697402416e+03 9.469226059288559554e+03 2.022021408094438357e+03 7.791031629478836294e+03 1.602508654307422148e+04 1.152218341334088052e+02 1.179479945333592106e+01 1.148742520397937312e+02 1.920945621922789142e+06 1.234160111742743757e+06 5.178526938224401732e+01
 8.941678528246168600e-01 4.635937840524535086e-03 2.229961747441869647e+03 1.390437014484091151e+03 1.776212361339792380e+02 1.583311229913871632e+00 5.264601207200074714e+04 1.418211431904344136e+04 7.458386937392589061e+03 1.715792492915028788e+03 8.994740335330025118e+03 1.439023831568472588e+03 7.240503695275470818e+03 1.608912170262886139e+04 1.151897756358514613e+02 1.147858691751960158e+01 1.148471112278825359e+02 1.353535770381366601e+06 8.530126902447316097e+05 5.206366773608183962e+01
 6.294681497711925866e-01 7.300852148244492239e-03 3.160327658691437136e+03 1.994367450183854316e+03 1.894621015093872245e+02 1.905309403164106463e+00 5.826608181851568224e+04 2.068192248640687103e+04 1.041422342145059883e+04 1.890397278094696730e+03 9.896509543446381940e+03 1.821085777917247469e+03 8.419588934509598403e+03 1.620651214869391879e+04 1.154657956798718033e+02 1.225957806842716913e+01 1.149553816222285008e+02 1.716634132498676190e+06 1.128237163297624094e+06 5.221938354868199639e+01
 6.869714752372756417e-01 6.164050532114915409e-03 2.703995136220439690e+03 1.723200805102090499e+03 1.856636926133643328e+02 2.026202063600382353e+00 5.158470824287948199e+04 1.548227388055112897e+04 8.488609436365381043e+03 2.337782199675307311e+03 7.840547358107727632e+03 2.162380051382880538e+03 7.681431228449580885e+03 1.611911536133022673e+04 1.154018103682653162e+02 1.205257537429225678e+01 1.150006176896024073e+02 2.038595315135787707e+06 1.312983948854629882e+06 5.228956983475044495e+01
 8.247731904038581030e-01 5.585550165068452720e-03 2.645707369989406288e+03 1.656672670782537580e+03 1.880772147240699326e+02 1.928594972621038073e+00 5.845143296827511222e+04 1.658801648869250494e+04 7.784164842362481068e+03 1.794146722709178675e+03 8.079356972714492258e+03 1.762462139981411156e+03 7.282209224491920395e+03 1.615108205313338112e+04 1.152667512989278578e+02 1.175782329038814389e+01 1.148555651990353965e+02 1.661167294701290317e+06 1.061332864599320805e+06 5.221246331690539222e+01
 8.150345210492525583e-01 7.879355450754950072e-03 3.149963215085387674e+03 2.013727815165467746e+03 2.098528461086124537e+02 2.202122058022019768e+00 6.494228561359227751e+04 1.784618080090381773e+04 1.031743325424789327e+04 2.313410815340528188e+03 1.086775667329995304e+04 2.306732430587056569e+03 8.984324693182006740e+03 1.595956791670216990e+04 1.154322024124031429e+02 1.199209670417497797e+01 1.149389416149457332e+02 2.173930229889812414e+06 1.423710265596696641e+06 5.247439871726421501e+01
 7.906808364456989757e-01 6.393994298119690459e-03 2.767920364530893039e+03 1.755173407686736027e+03 1.764428894573657658e+02 1.934026292514272827e+00 5.278867750549761695e+04 1.686269986688413337e+04 8.120796284246710457e+03 1.991671488767000710e+03 9.008936097602298105e+03 1.792276964274561351e+03 7.583467898709561268e+03 1.643962663623717890e+04 1.153490416328927921e+02 1.205471778759673995e+01 1.151208778154828281e+02 1.688382127818384441e+06 1.092223379454496084e+06 5.247872314432066077e+01
 6.891778871504034010e-01 8.524726147683533636e-03 3.628544623304145716e+03 2.311417593777784532e+03 2.089800672494862397e+02 2.114564748144311057e+00 7.555200257863037405e+04 2.307692282246685500e+04 1.122474113674025284e+04 2.725281641971562294e+03 1.263065992001383347e+04 2.291953339319046790e+03 9.602033187868772075e+03 1.677026938553850050e+04 1.154516723462821517e+02 1.201478320315694148e+01 1.151663245769907178e+02 2.165341519346195739e+06 1.414755368083534762e+06 5.254860232049820468e+01
 1.126423629526444481e+00 1.726796041595490827e-02 4.131156381016862724e+03 2.797397044349918815e+03 2.602233561711987591e+02 2.210110337784833234e+00 5.607710635158736113e+04 1.893683659848685784e+04 1.227788405405221238e+04 3.005396330099209081e+03 1.244377800962896981e+04 2.778168380416156651e+03 9.503514423890306716e+03 1.738901953447190317e+04 1.170844069514026700e+02 1.241655169345255061e+01 1.167019918470318345e+02 2.581537273301992565e+06 1.806191476099421736e+06 5.358817507126493496e+01
 1.360838973849657130e+00 7.497570011011187030e-03 2.875895393970019995e+03 1.864962184727322210e+03 1.820209674951197485e+02 1.983154974234129675e+00 5.047594536372573202e+04 1.803704905487106953e+04 9.134964639102619913e+03 2.247590171650811499e+03 8.556749999162611857e+03 2.092331985847712531e+03 7.341456087650449263e+03 1.654238594911648761e+04 1.157110393008273519e+02 1.210331336297894644e+01 1.153569808393687310e+02 1.969451531556408387e+06 1.327466254318896448e+06 5.295580722221582448e+01
 1.896054442859641753e+00 1.149144134834797527e-02 4.271983251960104099e+03 2.907681681528493300e+03 2.576454111206992934e+02 2.351885272315253683e+00 6.187607463885155448e+04 1.742984929734383695e+04 1.307476122108909840e+04 2.942706899233775403e+03 1.295600288748532148e+04 2.611810519059610215e+03 1.104473923005419965e+04 1.766595541770605632e+04 1.180502380836512657e+02 1.285514504270680902e+01 1.174889788665384458e+02 2.392697129805281758e+06 1.688683509753711289e+06 5.410252177959454656e+01
 1.846158575659125889e+00 8.796934790266611875e-03 3.829993621802381767e+03 2.459193804198866928e+03 2.218523029276757370e+02 2.440989284027017092e+00 6.962838618492532987e+04 2.135343615666446567e+04 1.135188194649978504e+04 2.611380724592054321e+03 1.128197883295601423e+04 2.398653051223079274e+03 9.004157719229649956e+03 1.652573438026205986e+04 1.156586212045995552e+02 1.213363447376777593e+01 1.154088603342250252e+02 2.265220768392854370e+06 1.512276931970449397e+06 5.298303600845445516e+01
 1.720900685565369015e+00 1.553106449551721474e-02 3.602330139016771682e+03 2.396585219941662672e+03 2.132727678176697452e+02 2.299492780340667064e+00 6.382801567766349763e+04 2.125156000500491791e+04 1.129239614032093050e+04 2.234534527715042714e+03 1.146000548896910186e+04 1.957066456826141575e+03 9.361458036651598377e+03 1.696322636100608725e+04 1.162587955397575001e+02 1.252895474549769439e+01 1.158205274694045954e+02 1.820110484295158880e+06 1.307910941553649725e+06 5.302966647071888673e+01
 1.484684130739030161e+00 8.396021098875841582e-03 3.387959795277398371e+03 2.200598118096861072e+03 1.914118462172965280e+02 1.972446514923915650e+00 5.808459294196659903e+04 1.908619797643827042e+04 8.552171384893119466e+03 2.560270088608603601e+03 1.025425201192635905e+04 2.261829888499836670e+03 8.221636739392679374e+03 1.687384948141664790e+04 1.156100038658853606e+02 1.212574935182271574e+01 1.153117044447122197e+02 2.119171479955014773e+06 1.423838719666287536e+06 5.303813953652715441e+01
